0.000 -0.328031 0.833022 -0.429253 0.119213
1.000 -0.328031 0.833022 -0.429253 0.119213
2.000 -0.328031 0.833022 -0.429253 0.119213
3.000 -0.328031 0.833022 -0.429253 0.119214
4.000 -0.328032 0.833022 -0.429252 0.119215
5.000 -0.328033 0.833022 -0.429252 0.119217
6.000 -0.328034 0.833021 -0.429251 0.119218
7.000 -0.328035 0.833021 -0.429250 0.119220
8.000 -0.328036 0.833021 -0.429249 0.119223
9.000 -0.328037 0.833020 -0.429248 0.119226
10.000 -0.328039 0.833020 -0.429247 0.119229
11.000 -0.328041 0.833019 -0.429246 0.119232
12.000 -0.328043 0.833019 -0.429244 0.119236
13.000 -0.328045 0.833018 -0.429243 0.119240
14.000 -0.328047 0.833018 -0.429241 0.119244
15.000 -0.328049 0.833017 -0.429239 0.119248
15.800 -0.328051 0.833016 -0.429238 0.119252
16.300 -0.317990 0.835562 -0.436744 0.099866
16.816 -0.316706 0.835852 -0.437676 0.097411
25.791 -0.316738 0.835845 -0.437653 0.097472
25.816 -0.316738 0.835845 -0.437653 0.097472
40.211 -0.318946 0.845599 -0.418420 0.090338
40.711 -0.331463 0.925080 -0.185304 0.004714
41.211 -0.341810 0.931232 0.046584 -0.117489
41.816 -0.361497 0.915239 0.052329 -0.170056
42.316 -0.379349 0.901092 0.038449 -0.206518
42.816 -0.396428 0.885093 0.024287 -0.242621
43.316 -0.412700 0.867261 0.009870 -0.278280
43.816 -0.426020 0.847628 0.000910 -0.316279
44.316 -0.438700 0.825986 -0.006892 -0.353897
44.816 -0.452673 0.802572 -0.020403 -0.388006
45.316 -0.466039 0.777422 -0.034830 -0.420962
45.816 -0.478393 0.750581 -0.049282 -0.453144
46.316 -0.489703 0.722090 -0.063733 -0.484475
46.816 -0.499937 0.691996 -0.078152 -0.514876
47.316 -0.509066 0.660350 -0.092511 -0.544271
47.816 -0.517064 0.627208 -0.106779 -0.572584
48.316 -0.523906 0.592628 -0.120928 -0.599742
48.816 -0.529570 0.556674 -0.134925 -0.625671
49.316 -0.534036 0.519413 -0.148742 -0.650301
49.816 -0.537287 0.480915 -0.162345 -0.673563
50.316 -0.539308 0.441257 -0.175706 -0.695390
50.816 -0.540086 0.400516 -0.188791 -0.715718
51.316 -0.539614 0.358775 -0.201570 -0.734484
51.816 -0.537884 0.316119 -0.214013 -0.751630
52.316 -0.534893 0.272639 -0.226086 -0.767100
92.025 -0.757045 0.143650 -0.299394 -0.562683
92.316 -0.662841 0.187439 -0.274110 -0.671097
92.816 -0.584043 0.202157 -0.254501 -0.743812
93.316 -0.581010 0.177804 -0.258710 -0.750921
93.816 -0.577564 0.153267 -0.262821 -0.757532
94.316 -0.573705 0.128560 -0.266828 -0.763635
94.816 -0.569433 0.103697 -0.270729 -0.769220
95.316 -0.564749 0.078696 -0.274518 -0.774277
95.816 -0.559654 0.053572 -0.278192 -0.778798
96.316 -0.554150 0.028341 -0.281746 -0.782773
96.816 -0.548237 0.003020 -0.285177 -0.786194
97.316 -0.541918 -0.022374 -0.288480 -0.789052
97.816 -0.535196 -0.047823 -0.291651 -0.791339
98.316 -0.528073 -0.073310 -0.294686 -0.793048
98.816 -0.520551 -0.098817 -0.297581 -0.794171
99.316 -0.512635 -0.124325 -0.300331 -0.794701
99.816 -0.504328 -0.149816 -0.302933 -0.794632
100.316 -0.495634 -0.175272 -0.305382 -0.793957
100.816 -0.486558 -0.200673 -0.307674 -0.792672
101.316 -0.477104 -0.226000 -0.309804 -0.790770
101.816 -0.467277 -0.251234 -0.311770 -0.788247
102.316 -0.457083 -0.276354 -0.313567 -0.785098
102.816 -0.446528 -0.301341 -0.315191 -0.781320
103.316 -0.435618 -0.326174 -0.316637 -0.776910
103.816 -0.424359 -0.350834 -0.317903 -0.771863
104.316 -0.412759 -0.375299 -0.318984 -0.766179
104.816 -0.400825 -0.399550 -0.319876 -0.759854
105.316 -0.388564 -0.423565 -0.320577 -0.752889
105.816 -0.375984 -0.447323 -0.321081 -0.745282
106.316 -0.363095 -0.470804 -0.321386 -0.737032
106.816 -0.349905 -0.493986 -0.321488 -0.728141
107.316 -0.336422 -0.516848 -0.321384 -0.718610
107.816 -0.322657 -0.539370 -0.321071 -0.708440
108.316 -0.308619 -0.561529 -0.320545 -0.697633
108.816 -0.294318 -0.583304 -0.319803 -0.686192
109.316 -0.279765 -0.604675 -0.318843 -0.674121
109.816 -0.264971 -0.625619 -0.317662 -0.661424
110.316 -0.249948 -0.646117 -0.316256 -0.648106
110.816 -0.234706 -0.666146 -0.314625 -0.634172
111.316 -0.219258 -0.685686 -0.312764 -0.619628
111.816 -0.203616 -0.704716 -0.310673 -0.604482
112.316 -0.187792 -0.723215 -0.308348 -0.588741
112.816 -0.171799 -0.741163 -0.305789 -0.572413
113.316 -0.155652 -0.758538 -0.302992 -0.555507
113.816 -0.139362 -0.775322 -0.299958 -0.538032
114.316 -0.122944 -0.791494 -0.296685 -0.520000
114.816 -0.106413 -0.807034 -0.293170 -0.501421
115.316 -0.089781 -0.821923 -0.289415 -0.482308
115.816 -0.073065 -0.836142 -0.285417 -0.462671
116.316 -0.056279 -0.849672 -0.281177 -0.442526
116.816 -0.039437 -0.862495 -0.276693 -0.421886
117.316 -0.022556 -0.874593 -0.271967 -0.400765
117.816 -0.005651 -0.885947 -0.266998 -0.379180
118.316 0.011262 -0.896542 -0.261787 -0.357146
118.816 0.028167 -0.906360 -0.256335 -0.334680
119.316 0.045048 -0.915385 -0.250641 -0.311801
119.816 0.061889 -0.923602 -0.244709 -0.288525
120.316 0.078673 -0.930995 -0.238539 -0.264873
120.816 0.095383 -0.937551 -0.232132 -0.240864
121.316 0.112003 -0.943254 -0.225492 -0.216518
121.816 0.128515 -0.948093 -0.218620 -0.191858
122.316 0.144903 -0.952053 -0.211520 -0.166904
122.816 0.161150 -0.955125 -0.204193 -0.141679
123.316 0.177237 -0.957295 -0.196643 -0.116206
123.816 0.194554 -0.955454 -0.203985 -0.087449
124.316 0.214109 -0.946571 -0.235129 -0.053624
124.816 0.233627 -0.939045 -0.251147 -0.023193
125.316 0.251637 -0.936767 -0.243191 0.002028
125.816 0.269399 -0.933449 -0.235250 0.027472
126.316 0.286882 -0.929084 -0.227334 0.053109
126.816 0.307704 -0.933724 -0.171713 0.063187
126.882 0.312252 -0.938251 -0.138149 0.055663
127.382 0.340630 -0.933047 0.115405 -0.008705
127.882 0.318369 -0.873806 0.358024 -0.083207
128.816 0.296244 -0.842370 0.442201 -0.084322
129.316 0.288807 -0.843663 0.447093 -0.070222
129.816 0.281291 -0.844719 0.451860 -0.056106
130.316 0.273697 -0.845539 0.456499 -0.041976
153.988 0.269893 -0.951229 0.138491 0.056057
154.316 0.256359 -0.960905 -0.025993 0.101323
154.816 0.255333 -0.950872 -0.104635 0.140357
155.316 0.269061 -0.944314 -0.092666 0.165197
155.816 0.282523 -0.936820 -0.080603 0.189876
156.316 0.295703 -0.928396 -0.068458 0.214369
156.816 0.308591 -0.919050 -0.056245 0.238652
157.316 0.321171 -0.908793 -0.043974 0.262700
157.816 0.333433 -0.897632 -0.031657 0.286490
158.316 0.345363 -0.885580 -0.019308 0.309998
158.816 0.356951 -0.872649 -0.006938 0.333201
159.316 0.368183 -0.858850 0.005440 0.356074
159.816 0.379049 -0.844197 0.017815 0.378596
160.316 0.389539 -0.828705 0.030174 0.400744
160.816 0.399641 -0.812390 0.042504 0.422497
161.316 0.409346 -0.795266 0.054794 0.443831
161.816 0.418644 -0.777351 0.067032 0.464726
162.316 0.404315 -0.761541 0.043558 0.504666
162.816 0.353960 -0.742127 -0.032190 0.568264
163.316 0.330709 -0.715797 -0.071774 0.610832
163.816 0.344415 -0.692029 -0.063468 0.631226
164.316 0.357045 -0.667187 -0.055807 0.651357
164.816 0.368546 -0.641342 -0.048786 0.671174
165.316 0.378870 -0.614567 -0.042401 0.690628
165.572 0.383691 -0.600510 -0.039373 0.700442
166.072 0.562378 -0.562252 0.112960 0.595688
166.572 0.687926 -0.489846 0.281359 0.455681
167.316 0.677214 -0.449025 0.326334 0.482974
167.816 0.670518 -0.419359 0.357467 0.496750
168.316 0.664283 -0.388001 0.388999 0.506817
168.816 0.658525 -0.355040 0.420646 0.513175
169.316 0.642403 -0.329868 0.445390 0.529277
169.816 0.565432 -0.355451 0.427597 0.609182
170.316 0.457960 -0.397236 0.370494 0.703712
170.816 0.461616 -0.371321 0.379573 0.710603
171.316 0.464893 -0.345096 0.388351 0.716915
171.816 0.467790 -0.318581 0.396820 0.722643
172.316 0.470303 -0.291797 0.404974 0.727781
172.816 0.472431 -0.264766 0.412806 0.732325
173.316 0.474171 -0.237510 0.420308 0.736269
173.816 0.475521 -0.210051 0.427474 0.739611
174.316 0.476481 -0.182412 0.434298 0.742346
174.816 0.477048 -0.154614 0.440774 0.744472
175.316 0.477223 -0.126681 0.446896 0.745985
175.816 0.477005 -0.098635 0.452659 0.746885
176.316 0.476394 -0.070499 0.458058 0.747169
176.816 0.475390 -0.042296 0.463087 0.746837
177.316 0.473994 -0.014050 0.467743 0.745888
177.816 0.472206 0.014217 0.472021 0.744322
178.316 0.470028 0.042482 0.475917 0.742140
178.816 0.467462 0.070720 0.479428 0.739342
179.316 0.464509 0.098909 0.482549 0.735931
179.816 0.461171 0.127025 0.485279 0.731909
180.316 0.457451 0.155045 0.487614 0.727278
180.816 0.453352 0.182945 0.489552 0.722040
181.316 0.448876 0.210704 0.491091 0.716201
181.816 0.444028 0.238296 0.492228 0.709764
182.316 0.438812 0.265700 0.492964 0.702733
182.816 0.433230 0.292893 0.493296 0.695115
183.316 0.427288 0.319851 0.493224 0.686914
183.816 0.420991 0.346552 0.492747 0.678136
184.316 0.414343 0.372974 0.491866 0.668789
184.816 0.407350 0.399094 0.490580 0.658879
185.316 0.400017 0.424890 0.488890 0.648415
185.816 0.392350 0.450341 0.486797 0.637404
186.316 0.384355 0.475425 0.484302 0.625854
186.816 0.376040 0.500121 0.481407 0.613776
187.316 0.367410 0.524407 0.478114 0.601178
187.816 0.358473 0.548263 0.474424 0.588070
188.316 0.349235 0.571670 0.470341 0.574463
188.816 0.339706 0.594605 0.465867 0.560368
189.316 0.329891 0.617051 0.461006 0.545796
189.816 0.319800 0.638988 0.455761 0.530758
190.316 0.309440 0.660396 0.450136 0.515268
190.816 0.298821 0.681258 0.444136 0.499336
191.316 0.287951 0.701556 0.437764 0.482977
191.816 0.276838 0.721271 0.431025 0.466204
192.316 0.265493 0.740387 0.423926 0.449030
192.816 0.253924 0.758887 0.416471 0.431469
193.316 0.242141 0.776754 0.408666 0.413537
193.816 0.230155 0.793974 0.400517 0.395246
194.316 0.217974 0.810532 0.392030 0.376614
194.816 0.205610 0.826411 0.383213 0.357654
195.316 0.193071 0.841600 0.374072 0.338384
195.816 0.180370 0.856083 0.364615 0.318818
196.316 0.167517 0.869848 0.354848 0.298973
196.816 0.154522 0.882884 0.344781 0.278865
197.316 0.141396 0.895177 0.334420 0.258512
197.816 0.128150 0.906717 0.323774 0.237931
198.316 0.114796 0.917494 0.312853 0.217138
198.816 0.101345 0.927498 0.301664 0.196152
199.316 0.087808 0.936719 0.290217 0.174989
199.816 0.074197 0.945149 0.278521 0.153668
200.316 0.060523 0.952780 0.266585 0.132207
200.816 0.046798 0.959606 0.254420 0.110624
201.316 0.033033 0.965618 0.242036 0.088937
201.816 0.019240 0.970812 0.229442 0.067164
202.316 0.005431 0.975182 0.216649 0.045325
202.816 -0.008383 0.978724 0.203667 0.023438
203.316 -0.022189 0.981434 0.190508 0.001521
203.816 -0.035976 0.983309 0.177182 -0.020407
204.316 -0.049731 0.984346 0.163701 -0.042326
204.816 -0.063444 0.984545 0.150075 -0.064219
205.316 -0.077103 0.983903 0.136316 -0.086066
205.816 -0.090695 0.982422 0.122435 -0.107849
206.316 -0.104209 0.980101 0.108445 -0.129548
206.816 -0.117634 0.976941 0.094356 -0.151145
207.316 -0.130958 0.972945 0.080182 -0.172622
207.816 -0.144169 0.968116 0.065932 -0.193959
208.316 -0.157256 0.962456 0.051621 -0.215138
208.816 -0.170207 0.955970 0.037259 -0.236141
209.316 -0.183013 0.948663 0.022859 -0.256949
209.816 -0.195660 0.940540 0.008434 -0.277545
210.316 -0.208139 0.931607 -0.006005 -0.297910
210.816 -0.220438 0.921872 -0.020445 -0.318026
211.316 -0.232548 0.911343 -0.034874 -0.337876
211.816 -0.244456 0.900026 -0.049280 -0.357442
212.316 -0.256154 0.887933 -0.063650 -0.376708
212.816 -0.267630 0.875072 -0.077972 -0.395656
213.316 -0.278875 0.861454 -0.092233 -0.414269
213.816 -0.289879 0.847090 -0.106421 -0.432531
214.316 -0.300632 0.831992 -0.120525 -0.450426
214.816 -0.311125 0.816172 -0.134531 -0.467937
215.316 -0.321348 0.799644 -0.148429 -0.485050
215.816 -0.331293 0.782420 -0.162204 -0.501750
216.316 -0.340951 0.764517 -0.175847 -0.518020
216.816 -0.350314 0.745947 -0.189344 -0.533847
217.316 -0.359372 0.726727 -0.202684 -0.549216
217.816 -0.368118 0.706874 -0.215856 -0.564114
218.316 -0.376545 0.686403 -0.228848 -0.578527
218.816 -0.384644 0.665332 -0.241648 -0.592442
219.316 -0.392464 0.643657 -0.254304 -0.605812
219.395 -0.418330 0.629117 -0.282387 -0.591160
219.895 -0.567973 0.509583 -0.440766 -0.472713
225.878 -0.683856 0.353595 -0.572590 -0.281873
226.316 -0.683860 0.353597 -0.572585 -0.281870
226.851 -0.688301 0.355782 -0.567239 -0.279106
227.351 -0.692953 0.358071 -0.561547 -0.276165
227.851 -0.697558 0.360335 -0.555816 -0.273204
228.352 -0.702116 0.362575 -0.550047 -0.270225
228.852 -0.706626 0.364789 -0.544241 -0.267227
229.352 -0.711087 0.366979 -0.538400 -0.264212
229.852 -0.715498 0.369144 -0.532523 -0.261179
230.353 -0.719860 0.371282 -0.526612 -0.258130
230.853 -0.724171 0.373395 -0.520668 -0.255065
231.353 -0.728431 0.375481 -0.514691 -0.251984
231.854 -0.732638 0.377540 -0.508684 -0.248887
232.354 -0.736794 0.379573 -0.502646 -0.245777
232.854 -0.740896 0.381578 -0.496580 -0.242652
233.355 -0.744945 0.383556 -0.490485 -0.239513
233.855 -0.748939 0.385506 -0.484364 -0.236362
234.356 -0.752880 0.387428 -0.478216 -0.233198
234.856 -0.780628 0.323108 -0.519614 -0.127369
235.357 -0.789282 0.181579 -0.580578 0.083618
235.816 -0.747670 0.042760 -0.603532 0.273696
236.316 -0.705167 -0.004791 -0.614377 0.353919
236.816 -0.687379 0.017011 -0.632147 0.357227
237.316 -0.668605 0.038519 -0.649243 0.360510
237.816 -0.648874 0.059689 -0.665644 0.363754
238.316 -0.628222 0.080482 -0.681330 0.366946
238.816 -0.606683 0.100857 -0.696283 0.370072
239.316 -0.584298 0.120777 -0.710487 0.373118
239.816 -0.561105 0.140206 -0.723929 0.376073
240.036 -0.587352 0.224712 -0.709873 0.317178
240.536 -0.627641 0.422104 -0.632670 0.166205
241.036 -0.654548 0.569201 -0.497571 0.000064
242.085 -0.656103 0.618908 -0.427499 -0.061048
242.585 -0.658521 0.619245 -0.423765 -0.057530
243.085 -0.660918 0.619561 -0.420016 -0.054011
243.585 -0.663294 0.619858 -0.416254 -0.050490
244.085 -0.665648 0.620135 -0.412479 -0.046967
244.585 -0.667981 0.620392 -0.408690 -0.043443
245.085 -0.670293 0.620629 -0.404888 -0.039917
245.585 -0.672582 0.620846 -0.401073 -0.036391
246.085 -0.674850 0.621042 -0.397245 -0.032863
246.585 -0.677096 0.621219 -0.393404 -0.029333
247.085 -0.679321 0.621376 -0.389551 -0.025803
247.585 -0.681523 0.621512 -0.385685 -0.022272
248.085 -0.683703 0.621629 -0.381806 -0.018741
248.585 -0.685862 0.621725 -0.377916 -0.015209
249.085 -0.687998 0.621802 -0.374013 -0.011676
249.585 -0.690112 0.621858 -0.370098 -0.008143
250.085 -0.692203 0.621894 -0.366171 -0.004610
250.585 -0.694273 0.621910 -0.362232 -0.001076
251.085 -0.696319 0.621906 -0.358282 0.002457
251.585 -0.698344 0.621882 -0.354320 0.005991
252.085 -0.700346 0.621838 -0.350346 0.009524
252.585 -0.702325 0.621774 -0.346361 0.013057
253.085 -0.704281 0.621690 -0.342366 0.016589
253.585 -0.706215 0.621586 -0.338359 0.020121
254.085 -0.708126 0.621461 -0.334341 0.023652
254.585 -0.710014 0.621317 -0.330312 0.027182
255.085 -0.711879 0.621152 -0.326273 0.030712
255.585 -0.713722 0.620968 -0.322223 0.034240
256.085 -0.715541 0.620763 -0.318163 0.037768
256.585 -0.717337 0.620539 -0.314093 0.041294
257.085 -0.719110 0.620294 -0.310012 0.044819
257.585 -0.720859 0.620030 -0.305922 0.048342
258.085 -0.722586 0.619745 -0.301822 0.051864
258.585 -0.724289 0.619440 -0.297712 0.055384
259.085 -0.725968 0.619116 -0.293592 0.058902
259.585 -0.727625 0.618771 -0.289463 0.062418
260.085 -0.729257 0.618406 -0.285325 0.065932
260.585 -0.730867 0.618022 -0.281177 0.069444
261.085 -0.732452 0.617617 -0.277021 0.072954
261.585 -0.734014 0.617193 -0.272855 0.076462
261.816 -0.734727 0.616990 -0.270928 0.078081
279.110 -0.717768 0.574159 -0.350218 0.180271
279.316 -0.694242 0.533202 -0.409884 0.256357
279.645 -0.646030 0.464277 -0.487213 0.360159
280.145 -0.696570 0.557078 -0.389167 0.230223
280.316 -0.670347 0.521863 -0.438702 0.292977
280.816 -0.624986 0.474915 -0.498054 0.368498
281.316 -0.615855 0.479352 -0.502572 0.371977
281.816 -0.606640 0.483723 -0.507022 0.375405
282.316 -0.597343 0.488029 -0.511403 0.378783
282.816 -0.587964 0.492269 -0.515715 0.382109
283.316 -0.578507 0.496442 -0.519957 0.385383
283.816 -0.568970 0.500548 -0.524128 0.388605
284.316 -0.559357 0.504586 -0.528229 0.391775
284.816 -0.549667 0.508555 -0.532258 0.394891
285.316 -0.539904 0.512456 -0.536214 0.397953
285.816 -0.530067 0.516287 -0.540098 0.400962
286.316 -0.520158 0.520048 -0.543909 0.403917
286.816 -0.510178 0.523739 -0.547646 0.406816
287.316 -0.500130 0.527358 -0.551309 0.409661
287.816 -0.490013 0.530906 -0.554897 0.412450
288.316 -0.479830 0.534383 -0.558410 0.415183
288.816 -0.469583 0.537786 -0.561847 0.417859
289.316 -0.459271 0.541117 -0.565208 0.420479
289.816 -0.459645 0.558836 -0.554282 0.411340
290.316 -0.508533 0.643044 -0.463284 0.336535
290.816 -0.512513 0.675119 -0.441468 0.294365
291.316 -0.496130 0.679514 -0.459887 0.283937
291.816 -0.479462 0.683966 -0.477375 0.272800
292.316 -0.462542 0.688505 -0.493881 0.260955
292.816 -0.445399 0.693158 -0.509356 0.248413
293.316 -0.428065 0.697946 -0.523755 0.235187
293.816 -0.410569 0.702887 -0.537039 0.221297
294.316 -0.392938 0.707997 -0.549170 0.206767
294.816 -0.375198 0.713283 -0.560119 0.191626
295.316 -0.353950 0.707736 -0.583481 0.182698
295.816 -0.319854 0.652406 -0.655958 0.204401
296.316 -0.278701 0.567528 -0.735154 0.244512
296.816 -0.266442 0.572323 -0.735771 0.245146
297.316 -0.254136 0.577017 -0.736260 0.245737
297.816 -0.241785 0.581612 -0.736621 0.246286
298.316 -0.229393 0.586105 -0.736854 0.246791
298.816 -0.216960 0.590496 -0.736959 0.247254
299.316 -0.204490 0.594784 -0.736935 0.247673
299.816 -0.191984 0.598969 -0.736783 0.248050
300.316 -0.179445 0.603050 -0.736503 0.248383
300.816 -0.166875 0.607025 -0.736094 0.248673
301.316 -0.154275 0.610895 -0.735558 0.248920
301.816 -0.141649 0.614659 -0.734893 0.249123
302.316 -0.128998 0.618315 -0.734101 0.249283
302.816 -0.116325 0.621864 -0.733180 0.249400
303.316 -0.103631 0.625305 -0.732132 0.249473
303.816 -0.090919 0.628637 -0.730957 0.249503
304.316 -0.078192 0.631859 -0.729654 0.249490
304.816 -0.065451 0.634971 -0.728225 0.249433
305.316 -0.052698 0.637973 -0.726668 0.249332
305.816 -0.039937 0.640864 -0.724985 0.249188
306.316 -0.027168 0.643643 -0.723176 0.249001
306.816 -0.014394 0.646310 -0.721241 0.248771
307.316 -0.001619 0.648865 -0.719181 0.248497
307.816 0.011158 0.651307 -0.716995 0.248180
308.316 0.023932 0.653635 -0.714684 0.247819
308.816 0.036702 0.655850 -0.712249 0.247416
309.316 0.049466 0.657950 -0.709691 0.246969
309.816 0.062221 0.659936 -0.707008 0.246480
310.316 0.074965 0.661807 -0.704203 0.245947
310.816 0.087696 0.663563 -0.701274 0.245372
311.316 0.100412 0.665204 -0.698224 0.244754
311.816 0.113110 0.666728 -0.695053 0.244094
312.316 0.125789 0.668137 -0.691760 0.243391
312.816 0.138446 0.669429 -0.688347 0.242645
313.316 0.151079 0.670604 -0.684814 0.241858
313.816 0.163685 0.671663 -0.681162 0.241028
314.316 0.176263 0.672605 -0.677391 0.240156
314.816 0.188811 0.673430 -0.673502 0.239243
315.316 0.201325 0.674138 -0.669496 0.238287
315.816 0.213804 0.674728 -0.665374 0.237291
316.316 0.226247 0.675201 -0.661136 0.236253
316.816 0.238649 0.675556 -0.656782 0.235174
317.316 0.251011 0.675794 -0.652315 0.234054
317.816 0.263328 0.675914 -0.647734 0.232893
318.316 0.275600 0.675917 -0.643040 0.231692
318.816 0.287824 0.675802 -0.638234 0.230450
319.316 0.299997 0.675569 -0.633317 0.229169
319.816 0.312119 0.675218 -0.628290 0.227847
320.316 0.324186 0.674750 -0.623153 0.226486
320.816 0.336196 0.674165 -0.617908 0.225085
321.316 0.348148 0.673462 -0.612555 0.223645
321.816 0.360040 0.672642 -0.607096 0.222167
322.316 0.371869 0.671705 -0.601531 0.220649
322.816 0.383633 0.670651 -0.595861 0.219093
323.316 0.395330 0.669480 -0.590088 0.217499
323.816 0.406959 0.668193 -0.584212 0.215867
324.316 0.418516 0.666790 -0.578234 0.214198
324.816 0.430001 0.665270 -0.572156 0.212491
325.316 0.441411 0.663634 -0.565978 0.210747
325.816 0.452744 0.661883 -0.559701 0.208967
326.316 0.463999 0.660017 -0.553327 0.207150
326.816 0.475172 0.658036 -0.546857 0.205297
327.316 0.486263 0.655941 -0.540292 0.203409
327.816 0.497269 0.653731 -0.533632 0.201485
328.316 0.508189 0.651407 -0.526880 0.199526
328.816 0.519020 0.648970 -0.520035 0.197532
329.316 0.529761 0.646420 -0.513101 0.195504
329.816 0.540410 0.643758 -0.506077 0.193442
330.316 0.550964 0.640983 -0.498965 0.191346
330.816 0.561423 0.638097 -0.491766 0.189217
331.316 0.571784 0.635100 -0.484481 0.187055
331.816 0.582045 0.631992 -0.477112 0.184860
332.316 0.592205 0.628774 -0.469660 0.182633
332.816 0.602262 0.625447 -0.462127 0.180374
333.316 0.612215 0.622011 -0.454513 0.178084
333.816 0.622060 0.618467 -0.446819 0.175763
334.316 0.631797 0.614815 -0.439048 0.173412
334.816 0.641425 0.611056 -0.431201 0.171030
335.316 0.650940 0.607190 -0.423278 0.168618
335.816 0.660343 0.603219 -0.415282 0.166177
336.316 0.669630 0.599143 -0.407214 0.163708
336.816 0.678801 0.594962 -0.399074 0.161209
337.316 0.687854 0.590679 -0.390865 0.158683
337.816 0.696787 0.586292 -0.382589 0.156129
338.316 0.705598 0.581803 -0.374245 0.153547
338.816 0.714287 0.577213 -0.365836 0.150940
339.316 0.722852 0.572522 -0.357364 0.148305
339.816 0.731290 0.567732 -0.348830 0.145645
340.316 0.739602 0.562843 -0.340234 0.142960
340.816 0.747784 0.557856 -0.331580 0.140250
341.316 0.755837 0.552772 -0.322868 0.137515
341.816 0.763758 0.547591 -0.314099 0.134756
342.316 0.771546 0.542316 -0.305276 0.131974
342.816 0.779199 0.536946 -0.296400 0.129169
343.316 0.786717 0.531482 -0.287472 0.126342
343.816 0.794099 0.525926 -0.278495 0.123492
344.316 0.801341 0.520278 -0.269468 0.120621
344.816 0.808445 0.514540 -0.260395 0.117729
345.316 0.815407 0.508712 -0.251276 0.114816
345.816 0.822228 0.502796 -0.242114 0.111884
346.316 0.828906 0.496792 -0.232910 0.108932
346.816 0.835439 0.490702 -0.223665 0.105961
347.316 0.841827 0.484526 -0.214381 0.102972
347.816 0.848068 0.478266 -0.205060 0.099964
348.316 0.854162 0.471923 -0.195703 0.096939
348.816 0.860107 0.465497 -0.186312 0.093898
349.316 0.865902 0.458991 -0.176888 0.090840
349.816 0.871546 0.452404 -0.167434 0.087766
350.316 0.877039 0.445739 -0.157951 0.084677
350.816 0.882379 0.438996 -0.148440 0.081573
351.316 0.887566 0.432177 -0.138903 0.078455
351.816 0.892598 0.425283 -0.129342 0.075324
352.316 0.897475 0.418315 -0.119759 0.072179
352.816 0.902195 0.411273 -0.110155 0.069022
353.316 0.906759 0.404160 -0.100531 0.065852
353.816 0.911164 0.396977 -0.090890 0.062671
354.316 0.915411 0.389725 -0.081233 0.059480
354.816 0.919499 0.382405 -0.071563 0.056278
355.316 0.923426 0.375018 -0.061879 0.053066
355.816 0.927193 0.367566 -0.052185 0.049845
356.316 0.930799 0.360050 -0.042482 0.046615
356.816 0.934242 0.352472 -0.032771 0.043377
357.316 0.937523 0.344832 -0.023055 0.040132
357.816 0.940640 0.337132 -0.013335 0.036879
358.316 0.943594 0.329373 -0.003612 0.033620
358.816 0.946384 0.321557 0.006111 0.030356
359.316 0.949009 0.313685 0.015833 0.027086
359.816 0.951468 0.305758 0.025553 0.023811
360.316 0.953762 0.297779 0.035268 0.020532
360.816 0.955890 0.289747 0.044977 0.017250
361.316 0.957852 0.281665 0.054678 0.013964
361.816 0.959647 0.273534 0.064369 0.010676
362.316 0.961275 0.265355 0.074049 0.007387
362.816 0.962735 0.257130 0.083717 0.004096
363.316 0.964028 0.248860 0.093370 0.000804
363.816 0.965153 0.240547 0.103006 -0.002488
364.316 0.966110 0.232192 0.112625 -0.005779
364.816 0.966899 0.223797 0.122224 -0.009070
365.316 0.967520 0.215363 0.131802 -0.012359
365.816 0.967972 0.206891 0.141357 -0.015645
366.316 0.968256 0.198383 0.150887 -0.018929
366.816 0.968371 0.189841 0.160391 -0.022210
367.316 0.968317 0.181266 0.169867 -0.025487
367.816 0.968095 0.172659 0.179313 -0.028759
368.316 0.967705 0.164022 0.188728 -0.032027
368.816 0.967146 0.155356 0.198111 -0.035288
369.316 0.966419 0.146664 0.207459 -0.038544
369.816 0.965523 0.137946 0.216771 -0.041793
370.316 0.964459 0.129204 0.226045 -0.045035
370.816 0.963228 0.120439 0.235279 -0.048269
371.316 0.961829 0.111653 0.244473 -0.051494
371.816 0.960262 0.102849 0.253624 -0.054710
372.316 0.958529 0.094026 0.262731 -0.057917
372.816 0.956628 0.085186 0.271793 -0.061114
373.316 0.954561 0.076332 0.280807 -0.064301
373.816 0.952328 0.067465 0.289772 -0.067476
374.316 0.949929 0.058586 0.298686 -0.070639
374.816 0.947364 0.049696 0.307549 -0.073790
375.316 0.944635 0.040799 0.316358 -0.076928
375.816 0.941741 0.031893 0.325112 -0.080053
376.316 0.938683 0.022983 0.333810 -0.083164
376.816 0.935462 0.014068 0.342449 -0.086260
377.316 0.932078 0.005151 0.351029 -0.089341
377.816 0.928532 -0.003767 0.359548 -0.092407
378.316 0.924825 -0.012684 0.368004 -0.095457
378.816 0.920956 -0.021599 0.376396 -0.098490
379.316 0.916927 -0.030511 0.384722 -0.101506
379.816 0.912738 -0.039417 0.392982 -0.104504
380.316 0.908390 -0.048316 0.401173 -0.107484
380.816 0.903885 -0.057207 0.409294 -0.110445
381.316 0.899222 -0.066087 0.417344 -0.113388
381.816 0.894402 -0.074957 0.425322 -0.116310
382.316 0.889427 -0.083813 0.433225 -0.119212
382.816 0.884297 -0.092655 0.441053 -0.122093
383.316 0.879013 -0.101480 0.448804 -0.124954
383.816 0.873576 -0.110288 0.456477 -0.127792
384.316 0.867987 -0.119077 0.464071 -0.130608
384.816 0.862246 -0.127845 0.471583 -0.133402
385.316 0.856356 -0.136590 0.479014 -0.136172
385.816 0.850317 -0.145312 0.486361 -0.138918
386.316 0.844129 -0.154009 0.493624 -0.141640
386.816 0.837795 -0.162679 0.500801 -0.144338
387.316 0.831315 -0.171320 0.507890 -0.147011
387.816 0.824690 -0.179932 0.514891 -0.149658
388.316 0.817922 -0.188512 0.521803 -0.152278
388.816 0.811011 -0.197060 0.528624 -0.154873
389.316 0.803959 -0.205573 0.535352 -0.157440
389.816 0.796767 -0.214050 0.541988 -0.159980
390.316 0.789437 -0.222491 0.548529 -0.162492
390.816 0.781969 -0.230892 0.554974 -0.164976
391.316 0.774365 -0.239253 0.561324 -0.167431
391.816 0.766626 -0.247573 0.567575 -0.169857
392.316 0.758753 -0.255849 0.573727 -0.172254
392.816 0.750749 -0.264081 0.579780 -0.174620
393.316 0.742614 -0.272267 0.585732 -0.176956
393.816 0.734349 -0.280406 0.591582 -0.179262
394.316 0.725957 -0.288496 0.597328 -0.181536
394.816 0.717439 -0.296536 0.602971 -0.183778
395.316 0.708795 -0.304523 0.608509 -0.185988
395.816 0.700028 -0.312458 0.613941 -0.188167
396.316 0.691140 -0.320339 0.619266 -0.190312
396.816 0.682131 -0.328164 0.624483 -0.192424
397.316 0.673003 -0.335932 0.629592 -0.194503
397.816 0.663758 -0.343641 0.634591 -0.196548
398.316 0.654398 -0.351290 0.639479 -0.198558
398.816 0.644923 -0.358878 0.644256 -0.200534
399.316 0.635337 -0.366404 0.648922 -0.202475
399.816 0.625639 -0.373866 0.653474 -0.204381
400.104 0.620010 -0.378130 0.656041 -0.205462
400.604 0.640333 -0.517584 0.562899 -0.072284
401.104 0.641007 -0.625818 0.439427 0.066072
418.440 0.641110 -0.625833 0.439278 0.065927
427.322 0.641149 -0.625839 0.439220 0.065871
427.822 0.641151 -0.625839 0.439217 0.065867
460.604 0.641297 -0.625861 0.439004 0.065661
461.104 0.631837 -0.665698 0.375860 0.127899
461.372 0.618567 -0.696481 0.309382 0.191238
461.872 0.622683 -0.691395 0.309831 0.195560
462.372 0.626760 -0.686267 0.310261 0.199869
462.872 0.630798 -0.681097 0.310672 0.204166
463.372 0.634798 -0.675884 0.311063 0.208451
463.872 0.638758 -0.670630 0.311436 0.212722
464.372 0.642679 -0.665335 0.311789 0.216981
464.872 0.646561 -0.659998 0.312123 0.221226
465.372 0.650402 -0.654621 0.312438 0.225457
465.872 0.654204 -0.649203 0.312733 0.229675
466.372 0.657965 -0.643746 0.313009 0.233878
466.872 0.661685 -0.638249 0.313266 0.238067
467.372 0.665365 -0.632712 0.313504 0.242242
467.872 0.669003 -0.627136 0.313722 0.246401
468.372 0.672601 -0.621522 0.313921 0.250545
468.872 0.676156 -0.615869 0.314100 0.254674
469.372 0.679671 -0.610178 0.314260 0.258787
469.872 0.683143 -0.604450 0.314401 0.262884
470.372 0.686573 -0.598685 0.314522 0.266965
470.872 0.689961 -0.592882 0.314624 0.271029
471.372 0.693306 -0.587043 0.314707 0.275077
471.872 0.696608 -0.581168 0.314770 0.279107
472.372 0.699868 -0.575256 0.314814 0.283121
472.872 0.703084 -0.569310 0.314838 0.287117
473.372 0.706257 -0.563328 0.314843 0.291095
473.872 0.709386 -0.557312 0.314828 0.295056
474.372 0.712472 -0.551261 0.314794 0.298998
474.872 0.715514 -0.545176 0.314741 0.302921
475.372 0.718511 -0.539057 0.314668 0.306826
475.872 0.721465 -0.532906 0.314576 0.310712
476.372 0.724373 -0.526721 0.314465 0.314579
476.872 0.727237 -0.520504 0.314334 0.318427
477.372 0.730057 -0.514255 0.314183 0.322255
477.872 0.732831 -0.507974 0.314014 0.326063
478.372 0.735560 -0.501662 0.313824 0.329851
478.872 0.738243 -0.495319 0.313616 0.333618
479.372 0.740882 -0.488945 0.313388 0.337365
479.872 0.743474 -0.482541 0.313141 0.341091
480.372 0.746020 -0.476107 0.312875 0.344797
480.872 0.748521 -0.469644 0.312589 0.348480
481.372 0.750975 -0.463152 0.312284 0.352143
481.872 0.753383 -0.456632 0.311960 0.355783
482.372 0.755745 -0.450083 0.311616 0.359402
482.872 0.758060 -0.443507 0.311253 0.362999
483.372 0.760328 -0.436903 0.310871 0.366573
483.872 0.762550 -0.430272 0.310470 0.370124
484.372 0.764724 -0.423615 0.310050 0.373653
484.872 0.766851 -0.416932 0.309611 0.377159
485.372 0.768931 -0.410223 0.309152 0.380641
485.872 0.770963 -0.403488 0.308675 0.384100
486.372 0.772948 -0.396729 0.308178 0.387535
486.872 0.774885 -0.389945 0.307662 0.390947
487.372 0.776775 -0.383137 0.307128 0.394334
487.872 0.778616 -0.376306 0.306574 0.397697
488.372 0.780410 -0.369451 0.306002 0.401035
488.872 0.782155 -0.362574 0.305411 0.404349
489.372 0.783852 -0.355674 0.304801 0.407638
489.872 0.785501 -0.348752 0.304172 0.410901
490.372 0.787101 -0.341809 0.303524 0.414139
490.872 0.788653 -0.334844 0.302858 0.417352
491.372 0.790156 -0.327860 0.302172 0.420539
491.872 0.791611 -0.320854 0.301469 0.423700
492.372 0.793016 -0.313829 0.300746 0.426835
492.872 0.794373 -0.306785 0.300006 0.429943
493.372 0.795681 -0.299722 0.299246 0.433025
493.872 0.796939 -0.292640 0.298468 0.436081
494.372 0.798149 -0.285540 0.297672 0.439109
494.872 0.799309 -0.278423 0.296858 0.442111
495.372 0.800420 -0.271288 0.296025 0.445085
495.872 0.801481 -0.264137 0.295174 0.448031
496.372 0.802493 -0.256969 0.294304 0.450950
496.872 0.803456 -0.249786 0.293417 0.453841
497.372 0.804369 -0.242587 0.292511 0.456705
497.872 0.805233 -0.235373 0.291588 0.459540
498.372 0.806046 -0.228145 0.290646 0.462346
498.872 0.806811 -0.220902 0.289686 0.465124
499.372 0.807525 -0.213646 0.288709 0.467874
499.872 0.808189 -0.206377 0.287714 0.470595
500.372 0.808804 -0.199095 0.286701 0.473286
500.872 0.809369 -0.191801 0.285670 0.475949
501.372 0.809884 -0.184495 0.284622 0.478582
501.872 0.810349 -0.177177 0.283556 0.481185
502.372 0.810764 -0.169849 0.282473 0.483759
502.872 0.811129 -0.162510 0.281372 0.486303
503.372 0.811443 -0.155161 0.280254 0.488817
503.872 0.811708 -0.147803 0.279119 0.491301
504.372 0.811923 -0.140435 0.277966 0.493755
504.872 0.812088 -0.133059 0.276796 0.496178
505.372 0.812203 -0.125675 0.275609 0.498570
505.872 0.812267 -0.118283 0.274406 0.500932
506.372 0.812282 -0.110883 0.273185 0.503263
506.872 0.812246 -0.103477 0.271947 0.505563
507.372 0.812160 -0.096064 0.270693 0.507831
507.872 0.812024 -0.088646 0.269422 0.510069
508.372 0.811839 -0.081222 0.268134 0.512275
508.872 0.811603 -0.073793 0.266830 0.514449
509.372 0.811317 -0.066359 0.265510 0.516591
509.872 0.810980 -0.058921 0.264173 0.518702
510.372 0.810594 -0.051480 0.262819 0.520781
510.872 0.810158 -0.044035 0.261450 0.522827
511.372 0.809672 -0.036588 0.260064 0.524842
511.872 0.809136 -0.029139 0.258662 0.526824
512.372 0.808550 -0.021687 0.257245 0.528773
512.872 0.807915 -0.014235 0.255811 0.530690
513.372 0.807229 -0.006781 0.254362 0.532574
513.872 0.806494 0.000673 0.252897 0.534425
514.372 0.805709 0.008127 0.251417 0.536244
514.872 0.804874 0.015580 0.249920 0.538029
515.372 0.803989 0.023032 0.248409 0.539781
515.872 0.803055 0.030483 0.246882 0.541500
516.372 0.802072 0.037933 0.245340 0.543185
516.872 0.801039 0.045379 0.243783 0.544837
517.372 0.799956 0.052823 0.242211 0.546455
517.872 0.798825 0.060264 0.240624 0.548040
518.372 0.797643 0.067701 0.239022 0.549591
518.872 0.796413 0.075134 0.237405 0.551108
519.372 0.795134 0.082562 0.235774 0.552591
519.872 0.793805 0.089985 0.234128 0.554039
520.372 0.792428 0.097403 0.232467 0.555454
520.872 0.791002 0.104814 0.230793 0.556834
521.372 0.789527 0.112219 0.229104 0.558180
521.872 0.788003 0.119618 0.227401 0.559492
522.372 0.786431 0.127008 0.225684 0.560769
522.872 0.784810 0.134391 0.223953 0.562012
523.372 0.783141 0.141766 0.222208 0.563220
523.872 0.781423 0.149132 0.220450 0.564393
524.372 0.779658 0.156489 0.218677 0.565531
524.872 0.777844 0.163836 0.216892 0.566634
525.372 0.775982 0.171173 0.215093 0.567703
525.872 0.774073 0.178499 0.213281 0.568736
526.372 0.772115 0.185815 0.211455 0.569735
526.872 0.770110 0.193118 0.209617 0.570698
527.372 0.768058 0.200410 0.207766 0.571626
527.872 0.765958 0.207690 0.205901 0.572519
528.372 0.763811 0.214957 0.204025 0.573376
528.872 0.761617 0.222211 0.202135 0.574199
529.372 0.759375 0.229451 0.200233 0.574985
529.872 0.757087 0.236676 0.198319 0.575737
530.372 0.754753 0.243887 0.196392 0.576452
530.872 0.752371 0.251084 0.194454 0.577133
531.372 0.749944 0.258264 0.192503 0.577777
531.872 0.747470 0.265429 0.190541 0.578386
532.372 0.744950 0.272577 0.188567 0.578959
532.872 0.742384 0.279709 0.186581 0.579497
533.372 0.739772 0.286823 0.184583 0.579999
533.872 0.737115 0.293920 0.182575 0.580465
534.372 0.734412 0.300998 0.180555 0.580895
534.872 0.731664 0.308058 0.178524 0.581290
535.372 0.728871 0.315099 0.176481 0.581648
535.872 0.726032 0.322120 0.174428 0.581971
536.372 0.723149 0.329122 0.172365 0.582258
536.872 0.720222 0.336103 0.170290 0.582509
537.372 0.717250 0.343064 0.168205 0.582724
537.872 0.714234 0.350003 0.166110 0.582903
538.372 0.711173 0.356921 0.164004 0.583046
538.872 0.708069 0.363817 0.161889 0.583153
539.372 0.704921 0.370690 0.159763 0.583224
539.872 0.701730 0.377540 0.157628 0.583260
540.372 0.698495 0.384368 0.155482 0.583259
540.872 0.695218 0.391171 0.153328 0.583222
541.372 0.691897 0.397951 0.151163 0.583149
541.872 0.688534 0.404705 0.148990 0.583041
542.372 0.685128 0.411435 0.146807 0.582896
542.872 0.681680 0.418140 0.144615 0.582715
543.372 0.678190 0.424818 0.142414 0.582499
543.872 0.674659 0.431471 0.140205 0.582247
544.372 0.671085 0.438097 0.137987 0.581958
544.872 0.667470 0.444696 0.135760 0.581634
545.372 0.663815 0.451267 0.133525 0.581274
545.872 0.660118 0.457811 0.131282 0.580878
546.372 0.656380 0.464326 0.129030 0.580446
546.872 0.652602 0.470813 0.126771 0.579978
547.372 0.648784 0.477271 0.124504 0.579475
547.872 0.644925 0.483699 0.122229 0.578936
548.372 0.641027 0.490097 0.119947 0.578361
548.872 0.637089 0.496466 0.117657 0.577751
549.372 0.633112 0.502803 0.115360 0.577105
549.872 0.629096 0.509110 0.113056 0.576423
550.372 0.625042 0.515385 0.110744 0.575706
550.872 0.620948 0.521628 0.108427 0.574953
551.372 0.616816 0.527840 0.106102 0.574165
551.872 0.612647 0.534018 0.103771 0.573341
552.372 0.608439 0.540164 0.101433 0.572482
552.872 0.604194 0.546276 0.099089 0.571588
553.372 0.599912 0.552355 0.096739 0.570658
553.872 0.595593 0.558400 0.094383 0.569694
554.372 0.591237 0.564410 0.092022 0.568694
554.872 0.586844 0.570385 0.089654 0.567659
555.372 0.582416 0.576326 0.087281 0.566589
555.872 0.577951 0.582230 0.084903 0.565484
556.372 0.573451 0.588099 0.082519 0.564344
556.872 0.568915 0.593932 0.080131 0.563169
557.372 0.564344 0.599728 0.077737 0.561960
557.872 0.559739 0.605486 0.075339 0.560716
558.372 0.555099 0.611208 0.072936 0.559438
558.872 0.550425 0.616892 0.070528 0.558125
559.372 0.545716 0.622538 0.068116 0.556777
559.872 0.540974 0.628145 0.065700 0.555395
560.372 0.536199 0.633714 0.063280 0.553979
560.872 0.531391 0.639243 0.060856 0.552529
561.372 0.526550 0.644734 0.058428 0.551045
561.872 0.521676 0.650184 0.055997 0.549526
562.372 0.516771 0.655594 0.053562 0.547974
562.872 0.511833 0.660964 0.051124 0.546388
563.372 0.506864 0.666293 0.048682 0.544768
563.872 0.501863 0.671581 0.046238 0.543115
564.372 0.496832 0.676828 0.043791 0.541428
564.872 0.491770 0.682033 0.041341 0.539708
565.372 0.486678 0.687195 0.038888 0.537955
565.872 0.481555 0.692316 0.036434 0.536168
566.372 0.476403 0.697393 0.033977 0.534348
566.872 0.471222 0.702428 0.031517 0.532496
567.372 0.466011 0.707420 0.029056 0.530610
567.872 0.460772 0.712367 0.026593 0.528692
568.372 0.455504 0.717271 0.024129 0.526741
568.872 0.450208 0.722131 0.021663 0.524758
569.372 0.444885 0.726946 0.019195 0.522742
569.872 0.439534 0.731716 0.016727 0.520694
570.372 0.434156 0.736441 0.014257 0.518614
570.872 0.428751 0.741120 0.011787 0.516502
571.372 0.423320 0.745754 0.009316 0.514358
571.872 0.417862 0.750342 0.006844 0.512182
572.372 0.412379 0.754884 0.004372 0.509975
572.872 0.406870 0.759379 0.001899 0.507736
573.372 0.401337 0.763827 -0.000573 0.505466
573.872 0.395778 0.768228 -0.003046 0.503165
574.372 0.390195 0.772582 -0.005518 0.500833
574.872 0.384588 0.776888 -0.007990 0.498470
575.372 0.378958 0.781147 -0.010462 0.496076
575.872 0.373304 0.785357 -0.012933 0.493652
576.372 0.367627 0.789518 -0.015403 0.491197
576.872 0.361927 0.793631 -0.017872 0.488712
577.372 0.356205 0.797695 -0.020340 0.486196
577.872 0.350461 0.801710 -0.022807 0.483651
578.372 0.344695 0.805675 -0.025272 0.481076
578.872 0.338908 0.809591 -0.027736 0.478471
579.372 0.333101 0.813456 -0.030198 0.475837
579.872 0.327272 0.817272 -0.032658 0.473173
580.372 0.321424 0.821037 -0.035117 0.470480
580.872 0.315555 0.824752 -0.037573 0.467759
581.372 0.309667 0.828415 -0.040026 0.465008
581.872 0.303761 0.832028 -0.042478 0.462229
582.372 0.297835 0.835589 -0.044926 0.459421
582.872 0.291891 0.839098 -0.047372 0.456584
583.372 0.285929 0.842556 -0.049815 0.453720
583.872 0.279949 0.845962 -0.052255 0.450828
584.372 0.273952 0.849316 -0.054692 0.447907
584.872 0.267938 0.852617 -0.057125 0.444960
585.372 0.261908 0.855866 -0.059555 0.441984
585.872 0.255862 0.859062 -0.061981 0.438982
586.372 0.249799 0.862205 -0.064403 0.435952
586.872 0.243722 0.865295 -0.066822 0.432896
587.372 0.237629 0.868332 -0.069236 0.429813
587.872 0.231522 0.871315 -0.071646 0.426703
588.372 0.225400 0.874244 -0.074051 0.423567
588.872 0.219264 0.877119 -0.076452 0.420405
589.372 0.213115 0.879940 -0.078848 0.417217
589.872 0.206953 0.882707 -0.081240 0.414003
590.372 0.200778 0.885420 -0.083626 0.410764
590.872 0.194591 0.888077 -0.086007 0.407499
591.372 0.188391 0.890681 -0.088383 0.404209
591.872 0.182180 0.893229 -0.090754 0.400895
592.372 0.175958 0.895722 -0.093118 0.397555
592.872 0.169725 0.898160 -0.095477 0.394191
593.372 0.163481 0.900542 -0.097831 0.390803
593.872 0.157228 0.902869 -0.100178 0.387391
594.372 0.150965 0.905140 -0.102519 0.383954
594.872 0.144692 0.907355 -0.104853 0.380495
595.372 0.138410 0.909515 -0.107182 0.377011
595.872 0.132120 0.911618 -0.109503 0.373504
596.372 0.125822 0.913665 -0.111818 0.369975
596.872 0.119516 0.915656 -0.114126 0.366422
597.372 0.113203 0.917590 -0.116427 0.362847
597.872 0.106882 0.919468 -0.118721 0.359250
598.372 0.100555 0.921289 -0.121007 0.355630
598.872 0.094222 0.923053 -0.123286 0.351988
599.372 0.087883 0.924760 -0.125557 0.348325
599.872 0.081539 0.926410 -0.127821 0.344640
600.372 0.075189 0.928003 -0.130077 0.340934
600.872 0.068835 0.929539 -0.132324 0.337207
601.372 0.062477 0.931018 -0.134564 0.333459
601.872 0.056115 0.932439 -0.136795 0.329691
602.372 0.049749 0.933802 -0.139018 0.325902
602.872 0.043381 0.935108 -0.141232 0.322093
603.372 0.037009 0.936357 -0.143438 0.318265
603.872 0.030636 0.937547 -0.145634 0.314416
604.372 0.024260 0.938680 -0.147822 0.310548
604.872 0.017883 0.939755 -0.150001 0.306662
605.372 0.011505 0.940771 -0.152170 0.302756
605.872 0.005126 0.941730 -0.154330 0.298831
606.372 -0.001253 0.942631 -0.156480 0.294888
606.872 -0.007632 0.943474 -0.158621 0.290927
607.372 -0.014011 0.944258 -0.160752 0.286948
607.872 -0.020388 0.944984 -0.162873 0.282951
608.372 -0.026765 0.945652 -0.164984 0.278937
608.872 -0.033140 0.946262 -0.167085 0.274906
609.199 -0.037309 0.946629 -0.168453 0.272259
609.699 -0.017311 0.925991 -0.262110 0.271182
642.481 0.009106 0.895918 -0.351188 0.271873
642.981 0.009105 0.895917 -0.351188 0.271877
675.763 0.008988 0.895827 -0.351192 0.272173
676.263 0.035492 0.857297 -0.436898 0.270003
676.372 0.052368 0.831159 -0.484415 0.267909
676.872 0.070706 0.810976 -0.515845 0.266878
677.372 0.078135 0.811234 -0.513679 0.268194
677.872 0.085559 0.811443 -0.511482 0.269493
678.372 0.092978 0.811601 -0.509253 0.270776
678.872 0.100391 0.811709 -0.506993 0.272043
679.372 0.107798 0.811768 -0.504702 0.273292
679.872 0.115198 0.811776 -0.502379 0.274525
680.372 0.122591 0.811734 -0.500026 0.275741
680.872 0.129976 0.811642 -0.497642 0.276940
681.372 0.137354 0.811501 -0.495227 0.278121
681.872 0.144723 0.811309 -0.492781 0.279286
682.372 0.152083 0.811067 -0.490305 0.280433
682.872 0.159433 0.810775 -0.487799 0.281563
683.372 0.166774 0.810433 -0.485263 0.282676
683.872 0.174105 0.810041 -0.482696 0.283771
684.372 0.181424 0.809599 -0.480101 0.284849
684.872 0.188733 0.809107 -0.477475 0.285909
685.372 0.196030 0.808565 -0.474820 0.286951
685.872 0.203315 0.807973 -0.472136 0.287976
686.372 0.210587 0.807332 -0.469422 0.288983
686.872 0.217847 0.806640 -0.466680 0.289972
687.372 0.225093 0.805899 -0.463909 0.290944
687.872 0.232325 0.805109 -0.461109 0.291897
688.372 0.239542 0.804268 -0.458281 0.292832
688.872 0.246745 0.803378 -0.455424 0.293750
689.372 0.253933 0.802439 -0.452540 0.294649
689.872 0.261105 0.801450 -0.449627 0.295530
690.372 0.268261 0.800411 -0.446687 0.296393
690.872 0.275400 0.799323 -0.443719 0.297237
691.372 0.282523 0.798186 -0.440724 0.298064
691.872 0.289628 0.797000 -0.437702 0.298871
692.372 0.296715 0.795764 -0.434652 0.299661
692.872 0.303784 0.794480 -0.431576 0.300432
693.372 0.310834 0.793146 -0.428474 0.301184
693.872 0.317865 0.791764 -0.425344 0.301918
694.372 0.324876 0.790332 -0.422189 0.302633
694.872 0.331867 0.788852 -0.419008 0.303330
695.372 0.338838 0.787323 -0.415800 0.304007
695.872 0.345788 0.785746 -0.412567 0.304667
696.372 0.352717 0.784120 -0.409309 0.305307
696.872 0.359624 0.782446 -0.406025 0.305928
697.372 0.366508 0.780724 -0.402717 0.306531
697.872 0.373370 0.778953 -0.399383 0.307114
698.372 0.380209 0.777135 -0.396025 0.307679
698.872 0.387025 0.775268 -0.392643 0.308225
699.372 0.393817 0.773354 -0.389236 0.308752
699.872 0.400584 0.771392 -0.385805 0.309259
700.372 0.407327 0.769382 -0.382351 0.309748
700.872 0.414044 0.767325 -0.378872 0.310218
701.372 0.420736 0.765221 -0.375371 0.310668
701.872 0.427403 0.763069 -0.371846 0.311099
702.372 0.434042 0.760871 -0.368299 0.311511
702.872 0.440655 0.758625 -0.364728 0.311904
703.372 0.447241 0.756333 -0.361136 0.312278
703.872 0.453799 0.753994 -0.357520 0.312632
704.372 0.460330 0.751608 -0.353883 0.312967
704.872 0.466831 0.749176 -0.350224 0.313283
705.372 0.473304 0.746698 -0.346544 0.313579
705.872 0.479748 0.744174 -0.342842 0.313856
706.372 0.486163 0.741604 -0.339119 0.314114
706.872 0.492547 0.738988 -0.335375 0.314352
707.372 0.498901 0.736327 -0.331610 0.314571
707.872 0.505224 0.733620 -0.327825 0.314771
708.372 0.511516 0.730868 -0.324020 0.314951
708.872 0.517776 0.728071 -0.320194 0.315112
709.372 0.524005 0.725229 -0.316349 0.315253
709.872 0.530201 0.722343 -0.312485 0.315375
710.372 0.536364 0.719411 -0.308601 0.315477
710.872 0.542495 0.716436 -0.304698 0.315560
711.372 0.548592 0.713416 -0.300776 0.315624
711.872 0.554655 0.710352 -0.296836 0.315668
712.372 0.560684 0.707245 -0.292877 0.315692
712.872 0.566678 0.704093 -0.288901 0.315697
713.372 0.572637 0.700899 -0.284906 0.315683
713.872 0.578561 0.697661 -0.280894 0.315649
714.372 0.584450 0.694380 -0.276865 0.315596
714.872 0.590302 0.691056 -0.272818 0.315523
715.372 0.596118 0.687690 -0.268755 0.315431
715.872 0.601897 0.684281 -0.264675 0.315319
716.372 0.607639 0.680830 -0.260579 0.315188
716.872 0.613344 0.677337 -0.256467 0.315037
717.372 0.619010 0.673802 -0.252339 0.314867
717.872 0.624639 0.670226 -0.248195 0.314678
718.372 0.630229 0.666608 -0.244037 0.314469
718.872 0.635780 0.662950 -0.239863 0.314241
719.372 0.641292 0.659250 -0.235674 0.313993
719.872 0.646765 0.655510 -0.231471 0.313726
720.372 0.652197 0.651729 -0.227253 0.313440
720.872 0.657589 0.647908 -0.223021 0.313134
721.372 0.662941 0.644047 -0.218776 0.312809
721.872 0.668252 0.640147 -0.214517 0.312465
722.372 0.673521 0.636206 -0.210245 0.312101
722.872 0.678749 0.632227 -0.205960 0.311719
723.372 0.683936 0.628209 -0.201663 0.311316
723.872 0.689080 0.624152 -0.197352 0.310895
724.372 0.694181 0.620056 -0.193030 0.310455
724.872 0.699240 0.615922 -0.188696 0.309995
725.372 0.704256 0.611751 -0.184350 0.309517
725.872 0.709228 0.607541 -0.179993 0.309019
726.372 0.714156 0.603294 -0.175624 0.308502
726.872 0.719040 0.599010 -0.171245 0.307966
727.372 0.723880 0.594689 -0.166855 0.307411
727.872 0.728676 0.590331 -0.162455 0.306838
728.372 0.733426 0.585937 -0.158045 0.306245
728.872 0.738131 0.581506 -0.153626 0.305633
729.372 0.742791 0.577040 -0.149196 0.305003
729.872 0.747405 0.572538 -0.144758 0.304353
730.372 0.751973 0.568001 -0.140310 0.303685
730.872 0.756494 0.563429 -0.135854 0.302999
731.372 0.760969 0.558822 -0.131390 0.302293
731.872 0.765397 0.554181 -0.126917 0.301569
732.372 0.769777 0.549505 -0.122437 0.300826
732.872 0.774110 0.544796 -0.117949 0.300065
733.372 0.778396 0.540053 -0.113454 0.299285
733.872 0.782633 0.535276 -0.108952 0.298487
734.372 0.786822 0.530467 -0.104443 0.297670
734.872 0.790963 0.525625 -0.099927 0.296835
735.372 0.795054 0.520750 -0.095406 0.295982
735.872 0.799097 0.515844 -0.090878 0.295111
736.372 0.803091 0.510905 -0.086345 0.294221
736.872 0.807035 0.505935 -0.081807 0.293313
737.372 0.810929 0.500934 -0.077264 0.292387
737.872 0.814773 0.495902 -0.072716 0.291443
738.372 0.818567 0.490839 -0.068163 0.290481
738.872 0.822310 0.485746 -0.063606 0.289501
739.372 0.826003 0.480624 -0.059045 0.288503
739.872 0.829644 0.475471 -0.054481 0.287488
740.372 0.833235 0.470289 -0.049913 0.286454
740.872 0.836774 0.465078 -0.045342 0.285403
741.372 0.840262 0.459839 -0.040769 0.284335
741.872 0.843698 0.454571 -0.036192 0.283249
742.372 0.847081 0.449275 -0.031614 0.282145
742.872 0.850413 0.443951 -0.027034 0.281024
743.372 0.853692 0.438600 -0.022452 0.279886
743.872 0.856918 0.433222 -0.017868 0.278730
744.372 0.860092 0.427818 -0.013284 0.277557
744.872 0.863212 0.422386 -0.008699 0.276368
745.372 0.866279 0.416929 -0.004113 0.275161
745.872 0.869293 0.411446 0.000473 0.273937
746.372 0.872253 0.405938 0.005059 0.272696
746.872 0.875160 0.400405 0.009645 0.271438
747.372 0.878012 0.394847 0.014230 0.270164
747.872 0.880810 0.389264 0.018815 0.268873
748.372 0.883554 0.383658 0.023398 0.267565
748.872 0.886244 0.378028 0.027979 0.266241
749.372 0.888878 0.372374 0.032559 0.264901
749.872 0.891458 0.366698 0.037137 0.263544
750.372 0.893983 0.360999 0.041713 0.262171
750.872 0.896453 0.355278 0.046286 0.260781
751.372 0.898868 0.349535 0.050856 0.259376
751.872 0.901227 0.343770 0.055423 0.257955
752.372 0.903530 0.337984 0.059987 0.256517
752.872 0.905778 0.332177 0.064547 0.255064
753.372 0.907970 0.326350 0.069103 0.253595
753.872 0.910106 0.320503 0.073655 0.252111
754.372 0.912186 0.314636 0.078202 0.250611
754.872 0.914209 0.308749 0.082744 0.249095
755.372 0.916177 0.302843 0.087282 0.247564
755.872 0.918087 0.296919 0.091814 0.246018
756.372 0.919941 0.290977 0.096340 0.244457
756.872 0.921739 0.285016 0.100860 0.242881
757.372 0.923479 0.279038 0.105374 0.241289
757.872 0.925163 0.273043 0.109882 0.239683
758.372 0.926789 0.267031 0.114382 0.238062
758.872 0.928358 0.261002 0.118876 0.236426
759.372 0.929870 0.254957 0.123362 0.234776
759.872 0.931325 0.248897 0.127841 0.233111
760.372 0.932722 0.242821 0.132312 0.231432
760.872 0.934062 0.236730 0.136775 0.229739
761.372 0.935344 0.230625 0.141229 0.228031
761.872 0.936568 0.224505 0.145675 0.226310
762.372 0.937735 0.218372 0.150111 0.224574
762.872 0.938844 0.212225 0.154539 0.222825
763.372 0.939895 0.206065 0.158957 0.221061
763.872 0.940888 0.199892 0.163365 0.219284
764.372 0.941822 0.193707 0.167763 0.217494
764.872 0.942699 0.187510 0.172150 0.215690
765.372 0.943518 0.181302 0.176527 0.213873
765.872 0.944278 0.175082 0.180893 0.212043
766.372 0.944981 0.168852 0.185248 0.210200
766.872 0.945625 0.162611 0.189592 0.208343
767.372 0.946210 0.156360 0.193923 0.206474
767.872 0.946737 0.150099 0.198243 0.204592
768.372 0.947206 0.143829 0.202551 0.202698
768.872 0.947617 0.137551 0.206846 0.200791
769.372 0.947969 0.131263 0.211128 0.198871
769.872 0.948262 0.124968 0.215398 0.196940
770.372 0.948497 0.118665 0.219654 0.194996
770.872 0.948674 0.112355 0.223896 0.193040
771.372 0.948792 0.106037 0.228125 0.191072
771.872 0.948852 0.099714 0.232340 0.189093
772.372 0.948853 0.093384 0.236540 0.187102
772.872 0.948795 0.087048 0.240726 0.185099
773.372 0.948679 0.080707 0.244896 0.183085
773.872 0.948505 0.074361 0.249052 0.181059
774.372 0.948272 0.068010 0.253193 0.179023
774.872 0.947980 0.061655 0.257317 0.176975
775.372 0.947630 0.055297 0.261426 0.174917
775.872 0.947222 0.048935 0.265519 0.172847
776.372 0.946755 0.042570 0.269596 0.170767
776.872 0.946230 0.036202 0.273655 0.168677
777.372 0.945646 0.029832 0.277698 0.166576
777.872 0.945004 0.023460 0.281724 0.164464
778.372 0.944304 0.017087 0.285732 0.162343
778.872 0.943545 0.010713 0.289723 0.160212
779.372 0.942729 0.004338 0.293696 0.158070
779.872 0.941854 -0.002038 0.297651 0.155919
780.372 0.940921 -0.008413 0.301587 0.153759
780.872 0.939930 -0.014787 0.305505 0.151589
781.372 0.938881 -0.021161 0.309404 0.149409
781.872 0.937775 -0.027533 0.313284 0.147221
782.372 0.936610 -0.033904 0.317145 0.145023
782.872 0.935388 -0.040272 0.320986 0.142816
783.372 0.934107 -0.046638 0.324807 0.140601
783.872 0.932770 -0.053002 0.328608 0.138376
784.372 0.931375 -0.059362 0.332389 0.136144
784.872 0.929922 -0.065718 0.336150 0.133903
785.372 0.928412 -0.072070 0.339889 0.131653
785.872 0.926845 -0.078418 0.343608 0.129396
786.372 0.925220 -0.084761 0.347306 0.127130
786.872 0.923539 -0.091098 0.350982 0.124857
787.372 0.921800 -0.097430 0.354636 0.122576
787.872 0.920005 -0.103757 0.358269 0.120287
788.372 0.918153 -0.110076 0.361879 0.117992
788.872 0.916244 -0.116389 0.365467 0.115688
789.372 0.914279 -0.122695 0.369033 0.113378
789.872 0.912257 -0.128993 0.372576 0.111060
790.372 0.910180 -0.135283 0.376096 0.108736
790.872 0.908046 -0.141565 0.379593 0.106405
791.372 0.905856 -0.147838 0.383066 0.104068
791.872 0.903610 -0.154102 0.386516 0.101724
792.372 0.901308 -0.160356 0.389941 0.099374
792.872 0.898951 -0.166601 0.393343 0.097017
793.372 0.896538 -0.172835 0.396721 0.094655
793.872 0.894070 -0.179059 0.400074 0.092287
794.372 0.891547 -0.185272 0.403402 0.089913
794.872 0.888969 -0.191473 0.406706 0.087534
795.372 0.886337 -0.197662 0.409984 0.085149
795.872 0.883649 -0.203839 0.413237 0.082759
796.372 0.880907 -0.210004 0.416465 0.080364
796.872 0.878111 -0.216156 0.419667 0.077964
797.372 0.875260 -0.222294 0.422843 0.075559
797.872 0.872356 -0.228419 0.425993 0.073149
798.372 0.869397 -0.234529 0.429117 0.070735
798.872 0.866385 -0.240625 0.432214 0.068317
799.372 0.863320 -0.246707 0.435284 0.065894
799.872 0.860201 -0.252773 0.438328 0.063467
800.372 0.857030 -0.258823 0.441345 0.061037
800.872 0.853805 -0.264857 0.444334 0.058602
801.372 0.850528 -0.270876 0.447296 0.056164
801.872 0.847198 -0.276877 0.450231 0.053723
802.372 0.843817 -0.282861 0.453138 0.051278
802.872 0.840383 -0.288828 0.456016 0.048830
803.372 0.836897 -0.294777 0.458867 0.046379
803.872 0.833359 -0.300708 0.461689 0.043925
804.372 0.829771 -0.306621 0.464483 0.041469
804.872 0.826131 -0.312514 0.467249 0.039010
805.372 0.822440 -0.318388 0.469985 0.036548
805.872 0.818698 -0.324243 0.472692 0.034084
806.372 0.814906 -0.330077 0.475371 0.031619
806.872 0.811064 -0.335891 0.478020 0.029151
807.372 0.807171 -0.341685 0.480639 0.026681
807.872 0.803229 -0.347457 0.483229 0.024210
808.372 0.799237 -0.353208 0.485789 0.021737
808.872 0.795196 -0.358937 0.488319 0.019263
809.372 0.791106 -0.364644 0.490819 0.016788
809.872 0.786968 -0.370329 0.493289 0.014312
810.372 0.782780 -0.375991 0.495728 0.011834
810.872 0.778544 -0.381629 0.498137 0.009357
811.372 0.774261 -0.387244 0.500515 0.006878
811.872 0.769929 -0.392835 0.502862 0.004399
812.372 0.765550 -0.398402 0.505178 0.001920
812.872 0.761124 -0.403944 0.507463 -0.000559
813.372 0.756651 -0.409462 0.509716 -0.003039
813.872 0.752131 -0.414954 0.511938 -0.005518
814.372 0.747565 -0.420421 0.514129 -0.007996
814.872 0.742953 -0.425861 0.516288 -0.010475
815.372 0.738295 -0.431275 0.518415 -0.012952
815.872 0.733591 -0.436663 0.520510 -0.015429
816.372 0.728843 -0.442024 0.522573 -0.017905
816.872 0.724049 -0.447358 0.524604 -0.020380
817.372 0.719210 -0.452664 0.526602 -0.022853
817.872 0.714328 -0.457942 0.528568 -0.025325
818.372 0.709401 -0.463191 0.530502 -0.027796
818.872 0.704430 -0.468413 0.532402 -0.030264
819.372 0.699416 -0.473605 0.534270 -0.032731
819.872 0.694359 -0.478768 0.536105 -0.035196
820.372 0.689259 -0.483902 0.537906 -0.037659
820.872 0.684116 -0.489005 0.539675 -0.040119
821.372 0.678932 -0.494079 0.541410 -0.042577
821.872 0.673705 -0.499122 0.543112 -0.045033
822.372 0.668437 -0.504134 0.544781 -0.047485
822.872 0.663127 -0.509116 0.546415 -0.049935
823.372 0.657777 -0.514066 0.548016 -0.052381
823.872 0.652386 -0.518984 0.549584 -0.054824
824.358 0.647105 -0.523736 0.551076 -0.057198
824.858 0.644392 -0.579970 0.498381 0.003237
857.640 0.641149 -0.625839 0.439220 0.065871
858.140 0.603387 -0.716884 0.265827 0.226578
858.640 0.532046 -0.731469 0.094056 0.415974
859.316 0.538349 -0.687128 0.122699 0.472208
859.816 0.541716 -0.650946 0.145859 0.511407
860.316 0.544036 -0.611913 0.170522 0.548187
860.816 0.545368 -0.570078 0.196503 0.582213
861.316 0.545780 -0.525519 0.223587 0.613158
861.816 0.545352 -0.478341 0.251532 0.640713
862.316 0.544166 -0.428681 0.280065 0.664590
862.816 0.542316 -0.376705 0.308891 0.684523
863.316 0.539899 -0.322610 0.337694 0.700282
863.816 0.537014 -0.266618 0.366136 0.711671
864.316 0.533767 -0.208979 0.393866 0.718534
864.816 0.530260 -0.149967 0.420523 0.720760
865.316 0.526597 -0.089876 0.445738 0.718286
865.816 0.494587 -0.047393 0.467646 0.731057
875.476 0.806819 0.249695 0.408980 0.345588
875.816 0.806821 0.249693 0.408976 0.345590
894.803 0.806937 0.249594 0.408748 0.345660
894.816 0.806937 0.249594 0.408747 0.345660
895.585 0.808247 0.248481 0.406151 0.346461
896.085 0.810541 0.246509 0.401553 0.347867
896.585 0.812809 0.244529 0.396942 0.349262
897.085 0.815051 0.242541 0.392318 0.350645
897.585 0.817267 0.240545 0.387682 0.352017
898.085 0.819456 0.238541 0.383032 0.353378
898.585 0.821619 0.236530 0.378371 0.354728
899.085 0.823755 0.234511 0.373697 0.356066
899.585 0.825865 0.232484 0.369011 0.357392
900.085 0.827948 0.230450 0.364313 0.358707
900.585 0.830004 0.228408 0.359604 0.360011
901.085 0.832034 0.226359 0.354882 0.361302
901.585 0.834037 0.224303 0.350150 0.362583
902.085 0.836013 0.222239 0.345406 0.363851
902.585 0.837962 0.220168 0.340650 0.365108
903.085 0.839883 0.218091 0.335884 0.366353
903.585 0.841778 0.216006 0.331107 0.367586
904.085 0.843646 0.213914 0.326319 0.368807
904.585 0.845486 0.211815 0.321521 0.370017
905.085 0.847299 0.209709 0.316712 0.371214
905.585 0.849085 0.207597 0.311893 0.372399
906.085 0.850843 0.205477 0.307064 0.373573
906.585 0.852574 0.203352 0.302225 0.374734
907.085 0.854277 0.201219 0.297376 0.375884
907.585 0.855953 0.199080 0.292517 0.377021
908.085 0.857601 0.196935 0.287649 0.378146
908.585 0.859222 0.194783 0.282772 0.379259
909.085 0.860815 0.192625 0.277886 0.380359
909.585 0.862380 0.190461 0.272990 0.381447
910.085 0.863917 0.188291 0.268086 0.382523
910.585 0.865426 0.186114 0.263173 0.383587
911.085 0.866907 0.183932 0.258252 0.384638
911.585 0.868361 0.181743 0.253322 0.385677
912.085 0.869786 0.179549 0.248384 0.386704
912.585 0.871183 0.177349 0.243438 0.387717
913.085 0.872552 0.175143 0.238485 0.388719
913.585 0.873893 0.172932 0.233523 0.389708
914.085 0.875206 0.170715 0.228554 0.390684
914.585 0.876491 0.168492 0.223578 0.391648
915.085 0.877747 0.166264 0.218594 0.392599
915.585 0.878975 0.164031 0.213603 0.393537
916.085 0.880174 0.161792 0.208606 0.394463
916.375 0.880856 0.160493 0.205707 0.394993
916.816 0.881876 0.158510 0.201288 0.395793
970.667 0.819404 0.128917 0.219697 0.513509
970.816 0.776950 0.111425 0.229062 0.575728
971.316 0.657800 0.071018 0.245490 0.708513
971.816 0.655126 0.082289 0.245203 0.709869
972.316 0.652362 0.093549 0.244883 0.711129
972.816 0.649509 0.104796 0.244530 0.712292
973.316 0.646569 0.116029 0.244144 0.713358
973.816 0.643540 0.127246 0.243724 0.714328
974.316 0.640423 0.138445 0.243271 0.715199
974.816 0.637220 0.149626 0.242785 0.715974
975.316 0.633929 0.160786 0.242266 0.716651
975.816 0.630553 0.171925 0.241714 0.717231
976.316 0.627090 0.183040 0.241129 0.717712
976.816 0.623542 0.194130 0.240511 0.718097
977.316 0.619910 0.205194 0.239861 0.718383
977.816 0.616193 0.216230 0.239177 0.718572
978.316 0.612392 0.227236 0.238462 0.718663
978.816 0.608507 0.238212 0.237714 0.718656
979.316 0.604540 0.249155 0.236933 0.718551
979.816 0.600491 0.260064 0.236120 0.718348
980.316 0.596360 0.270938 0.235275 0.718048
980.816 0.592148 0.281775 0.234398 0.717650
981.316 0.587855 0.292573 0.233490 0.717154
981.816 0.583482 0.303332 0.232549 0.716561
982.316 0.579029 0.314049 0.231577 0.715870
982.816 0.574498 0.324724 0.230573 0.715082
983.316 0.569889 0.335354 0.229538 0.714196
983.816 0.565202 0.345939 0.228471 0.713213
984.316 0.560438 0.356477 0.227374 0.712134
984.816 0.555598 0.366966 0.226245 0.710957
985.316 0.550682 0.377406 0.225086 0.709683
985.816 0.545692 0.387793 0.223896 0.708313
986.316 0.540627 0.398129 0.222676 0.706846
986.816 0.535488 0.408410 0.221425 0.705283
987.316 0.530277 0.418635 0.220144 0.703625
987.816 0.524993 0.428803 0.218834 0.701870
988.316 0.519638 0.438913 0.217493 0.700020
988.816 0.514212 0.448964 0.216123 0.698075
989.316 0.508717 0.458953 0.214723 0.696034
989.816 0.503152 0.468879 0.213295 0.693899
990.316 0.497518 0.478742 0.211837 0.691670
990.816 0.491817 0.488540 0.210350 0.689346
991.316 0.486049 0.498271 0.208835 0.686928
991.816 0.480214 0.507935 0.207291 0.684417
992.316 0.474315 0.517529 0.205719 0.681813
992.816 0.468351 0.527053 0.204119 0.679116
993.316 0.462323 0.536505 0.202491 0.676327
993.816 0.456232 0.545884 0.200836 0.673445
994.316 0.450079 0.555189 0.199154 0.670472
994.816 0.443864 0.564418 0.197444 0.667408
995.316 0.437590 0.573570 0.195707 0.664252
995.816 0.431255 0.582645 0.193944 0.661007
996.316 0.424863 0.591640 0.192154 0.657671
996.816 0.418412 0.600554 0.190339 0.654246
997.316 0.411904 0.609387 0.188497 0.650732
997.816 0.405340 0.618137 0.186629 0.647129
998.316 0.398721 0.626802 0.184737 0.643438
998.816 0.392048 0.635383 0.182819 0.639660
999.316 0.385321 0.643877 0.180876 0.635794
999.816 0.378542 0.652283 0.178909 0.631842
1000.316 0.371712 0.660600 0.176917 0.627804
1000.816 0.364831 0.668828 0.174901 0.623681
1001.316 0.357900 0.676964 0.172861 0.619472
1001.816 0.350920 0.685009 0.170798 0.615180
1002.316 0.343893 0.692960 0.168712 0.610803
1002.816 0.336819 0.700817 0.166602 0.606344
1003.316 0.329699 0.708578 0.164470 0.601802
1003.816 0.322534 0.716243 0.162316 0.597178
1004.316 0.315326 0.723811 0.160139 0.592472
1004.816 0.308074 0.731279 0.157941 0.587686
1005.316 0.300780 0.738649 0.155721 0.582821
1005.816 0.293446 0.745918 0.153480 0.577875
1006.316 0.286071 0.753085 0.151218 0.572851
1006.816 0.278658 0.760150 0.148936 0.567750
1007.316 0.271207 0.767112 0.146633 0.562571
1007.816 0.263719 0.773969 0.144310 0.557315
1007.996 0.261016 0.776410 0.143470 0.555405
1008.496 0.253479 0.783123 0.141120 0.550047
1008.996 0.249054 0.790472 0.134258 0.543233
1009.816 0.241839 0.802040 0.122740 0.532147
1010.316 0.237467 0.808800 0.115566 0.525450
1010.816 0.233115 0.815337 0.108281 0.518805
1011.316 0.228785 0.821653 0.100891 0.512215
1011.816 0.224475 0.827750 0.093401 0.505685
1012.316 0.220188 0.833628 0.085815 0.499218
1012.816 0.215922 0.839288 0.078138 0.492816
1013.316 0.211679 0.844732 0.070377 0.486484
1013.816 0.207459 0.849961 0.062536 0.480225
1014.316 0.203261 0.854978 0.054622 0.474041
1014.816 0.199086 0.859783 0.046640 0.467935
1015.316 0.194934 0.864378 0.038597 0.461911
1015.816 0.190806 0.868765 0.030497 0.455971
1016.316 0.186703 0.872947 0.022349 0.450117
1016.816 0.182623 0.876926 0.014158 0.444352
1017.316 0.178568 0.880704 0.005931 0.438677
1017.816 0.174538 0.884284 -0.002326 0.433096
1018.316 0.170534 0.887669 -0.010606 0.427610
1018.816 0.166555 0.890861 -0.018902 0.422220
1019.316 0.162603 0.893863 -0.027206 0.416928
1019.819 0.158652 0.896697 -0.035568 0.411703
1020.327 0.154694 0.899369 -0.044000 0.406534
1020.835 0.150762 0.901857 -0.052423 0.401468
1021.343 0.146858 0.904165 -0.060832 0.396507
1021.852 0.142983 0.906297 -0.069218 0.391650
1022.361 0.139136 0.908258 -0.077575 0.386899
1022.870 0.135319 0.910050 -0.085896 0.382255
1023.380 0.131533 0.911679 -0.094173 0.377718
1023.889 0.127778 0.913150 -0.102401 0.373288
1024.399 0.124056 0.914466 -0.110572 0.368966
1024.910 0.120366 0.915633 -0.118680 0.364751
1025.421 0.116711 0.916655 -0.126718 0.360644
1025.832 0.113799 0.917376 -0.133125 0.357420
1026.316 0.110400 0.918112 -0.140600 0.353714
1026.944 0.103354 0.920010 -0.143345 0.349788
1027.444 0.097687 0.921492 -0.145379 0.346661
1027.944 0.092015 0.922930 -0.147407 0.343518
1028.444 0.086339 0.924323 -0.149427 0.340358
1028.944 0.080659 0.925672 -0.151440 0.337182
1029.444 0.074975 0.926976 -0.153446 0.333989
1029.944 0.069287 0.928235 -0.155444 0.330781
1030.444 0.063596 0.929450 -0.157435 0.327556
1030.944 0.057902 0.930619 -0.159418 0.324316
1031.444 0.052205 0.931744 -0.161393 0.321060
1031.944 0.046505 0.932824 -0.163361 0.317789
1032.444 0.040803 0.933859 -0.165321 0.314502
1032.944 0.035099 0.934849 -0.167273 0.311200
1033.444 0.029394 0.935794 -0.169216 0.307883
1033.944 0.023687 0.936693 -0.171152 0.304551
1034.444 0.017979 0.937548 -0.173080 0.301205
1034.944 0.012270 0.938357 -0.174999 0.297844
1035.444 0.006561 0.939121 -0.176909 0.294468
1035.944 0.000851 0.939840 -0.178811 0.291079
1036.444 -0.004859 0.940513 -0.180705 0.287675
1036.944 -0.010568 0.941141 -0.182589 0.284258
1037.444 -0.016278 0.941724 -0.184465 0.280826
1037.944 -0.021986 0.942261 -0.186332 0.277382
1038.444 -0.027693 0.942753 -0.188190 0.273924
1038.944 -0.033399 0.943199 -0.190039 0.270452
1039.444 -0.039103 0.943600 -0.191879 0.266968
1039.944 -0.044806 0.943956 -0.193710 0.263471
1040.444 -0.050506 0.944265 -0.195531 0.259961
1040.944 -0.056204 0.944530 -0.197343 0.256438
1041.444 -0.061899 0.944748 -0.199145 0.252903
1041.944 -0.067591 0.944922 -0.200938 0.249356
1042.444 -0.073280 0.945049 -0.202721 0.245797
1042.944 -0.078965 0.945131 -0.204494 0.242226
1043.444 -0.084647 0.945168 -0.206257 0.238644
1043.944 -0.090324 0.945159 -0.208011 0.235050
1044.444 -0.095997 0.945104 -0.209754 0.231444
1044.944 -0.101666 0.945004 -0.211487 0.227827
1045.444 -0.107329 0.944858 -0.213210 0.224200
1045.944 -0.112987 0.944666 -0.214923 0.220561
1046.444 -0.118640 0.944429 -0.216625 0.216912
1046.944 -0.124288 0.944147 -0.218317 0.213253
1047.444 -0.129929 0.943819 -0.219999 0.209583
1047.944 -0.135564 0.943445 -0.221669 0.205903
1048.444 -0.141192 0.943026 -0.223330 0.202213
1048.944 -0.146814 0.942562 -0.224979 0.198514
1049.444 -0.152428 0.942052 -0.226617 0.194805
1049.944 -0.158035 0.941496 -0.228245 0.191086
1050.444 -0.163635 0.940895 -0.229862 0.187358
1050.944 -0.169227 0.940249 -0.231467 0.183621
1051.444 -0.174810 0.939558 -0.233061 0.179876
1051.944 -0.180385 0.938821 -0.234644 0.176121
1052.444 -0.185951 0.938039 -0.236216 0.172359
1052.944 -0.191509 0.937211 -0.237776 0.168587
1053.444 -0.197057 0.936339 -0.239325 0.164808
1053.944 -0.202596 0.935421 -0.240863 0.161021
1054.444 -0.208125 0.934458 -0.242388 0.157226
1054.944 -0.213643 0.933450 -0.243903 0.153423
1055.444 -0.219152 0.932397 -0.245405 0.149613
1055.944 -0.224650 0.931299 -0.246895 0.145796
1056.444 -0.230137 0.930157 -0.248374 0.141972
1056.944 -0.235613 0.928969 -0.249840 0.138141
1057.444 -0.241078 0.927737 -0.251295 0.134303
1057.944 -0.246531 0.926459 -0.252737 0.130459
1058.444 -0.251972 0.925137 -0.254167 0.126609
1058.944 -0.257401 0.923771 -0.255585 0.122752
1059.444 -0.262818 0.922360 -0.256991 0.118889
1059.944 -0.268221 0.920904 -0.258384 0.115021
1060.444 -0.273612 0.919404 -0.259765 0.111147
1060.944 -0.278990 0.917860 -0.261133 0.107268
1061.444 -0.284355 0.916272 -0.262489 0.103384
1061.944 -0.289705 0.914639 -0.263832 0.099495
1062.444 -0.295042 0.912962 -0.265162 0.095600
1062.944 -0.300364 0.911241 -0.266480 0.091702
1063.444 -0.305672 0.909476 -0.267784 0.087799
1063.944 -0.310965 0.907668 -0.269076 0.083891
1064.444 -0.316244 0.905815 -0.270355 0.079980
1064.944 -0.321507 0.903919 -0.271620 0.076064
1065.444 -0.326754 0.901980 -0.272873 0.072146
1065.944 -0.331986 0.899996 -0.274113 0.068223
1066.444 -0.337201 0.897970 -0.275339 0.064297
1066.944 -0.342401 0.895900 -0.276552 0.060369
1067.444 -0.347584 0.893787 -0.277751 0.056437
1067.944 -0.352750 0.891631 -0.278937 0.052502
1068.444 -0.357899 0.889431 -0.280110 0.048565
1068.944 -0.363031 0.887189 -0.281269 0.044626
1069.444 -0.368145 0.884904 -0.282415 0.040685
1069.944 -0.373242 0.882577 -0.283547 0.036741
1070.444 -0.378320 0.880207 -0.284666 0.032796
1070.944 -0.383381 0.877794 -0.285770 0.028849
1071.444 -0.388423 0.875339 -0.286861 0.024901
1071.944 -0.393446 0.872842 -0.287938 0.020951
1072.444 -0.398450 0.870303 -0.289001 0.017001
1072.944 -0.403435 0.867722 -0.290051 0.013050
1073.444 -0.408400 0.865099 -0.291086 0.009098
1073.944 -0.413346 0.862434 -0.292107 0.005146
1074.444 -0.418272 0.859727 -0.293114 0.001193
1074.944 -0.423178 0.856980 -0.294107 -0.002759
1075.444 -0.428063 0.854190 -0.295086 -0.006712
1075.944 -0.432928 0.851360 -0.296050 -0.010664
1076.444 -0.437771 0.848489 -0.297001 -0.014616
1076.944 -0.442594 0.845576 -0.297937 -0.018567
1077.444 -0.447395 0.842623 -0.298858 -0.022517
1077.944 -0.452175 0.839630 -0.299765 -0.026466
1078.444 -0.456933 0.836595 -0.300658 -0.030413
1078.944 -0.461669 0.833521 -0.301536 -0.034359
1079.444 -0.466383 0.830406 -0.302400 -0.038304
1079.944 -0.471074 0.827251 -0.303249 -0.042247
1080.444 -0.475742 0.824057 -0.304084 -0.046187
1080.944 -0.480388 0.820822 -0.304903 -0.050126
1081.444 -0.485010 0.817548 -0.305709 -0.054062
1081.944 -0.489609 0.814235 -0.306499 -0.057995
1082.444 -0.494184 0.810882 -0.307274 -0.061926
1082.944 -0.498736 0.807490 -0.308035 -0.065853
1083.444 -0.503263 0.804059 -0.308781 -0.069778
1083.944 -0.507766 0.800590 -0.309512 -0.073699
1084.444 -0.512245 0.797082 -0.310228 -0.077616
1084.944 -0.516699 0.793535 -0.310929 -0.081530
1085.444 -0.521128 0.789950 -0.311615 -0.085440
1085.944 -0.525532 0.786327 -0.312287 -0.089346
1086.444 -0.529910 0.782667 -0.312943 -0.093247
1086.944 -0.534263 0.778968 -0.313584 -0.097144
1087.444 -0.538591 0.775232 -0.314209 -0.101036
1087.944 -0.542892 0.771458 -0.314820 -0.104924
1088.444 -0.547167 0.767647 -0.315416 -0.108806
1088.944 -0.551416 0.763800 -0.315996 -0.112683
1089.444 -0.555638 0.759915 -0.316561 -0.116555
1089.944 -0.559833 0.755994 -0.317111 -0.120421
1090.444 -0.564001 0.752036 -0.317645 -0.124281
1090.944 -0.568143 0.748042 -0.318164 -0.128135
1091.444 -0.572256 0.744012 -0.318668 -0.131983
1091.944 -0.576342 0.739946 -0.319157 -0.135825
1092.444 -0.580401 0.735844 -0.319630 -0.139660
1092.944 -0.584431 0.731707 -0.320087 -0.143488
1093.444 -0.588433 0.727535 -0.320529 -0.147310
1093.944 -0.592407 0.723327 -0.320956 -0.151124
1094.444 -0.596352 0.719085 -0.321367 -0.154931
1094.944 -0.600269 0.714808 -0.321763 -0.158731
1095.444 -0.604156 0.710496 -0.322144 -0.162523
1095.944 -0.608015 0.706151 -0.322508 -0.166307
1096.444 -0.611844 0.701771 -0.322857 -0.170083
1096.944 -0.615643 0.697357 -0.323191 -0.173851
1097.444 -0.619413 0.692910 -0.323509 -0.177610
1097.944 -0.623153 0.688429 -0.323811 -0.181361
1098.444 -0.626863 0.683915 -0.324098 -0.185103
1098.944 -0.630543 0.679368 -0.324369 -0.188836
1099.444 -0.634192 0.674789 -0.324625 -0.192560
1099.944 -0.637811 0.670176 -0.324865 -0.196275
1100.444 -0.641399 0.665532 -0.325089 -0.199981
1100.944 -0.644956 0.660855 -0.325297 -0.203676
1101.444 -0.648482 0.656147 -0.325490 -0.207362
1101.944 -0.651976 0.651407 -0.325667 -0.211038
1102.444 -0.655439 0.646635 -0.325829 -0.214704
1102.944 -0.658871 0.641832 -0.325975 -0.218359
1103.444 -0.662271 0.636999 -0.326105 -0.222004
1103.944 -0.665639 0.632134 -0.326219 -0.225638
1104.444 -0.668974 0.627239 -0.326317 -0.229262
1104.944 -0.672278 0.622314 -0.326400 -0.232874
1105.444 -0.675549 0.617359 -0.326467 -0.236475
1105.944 -0.678788 0.612374 -0.326519 -0.240064
1106.444 -0.681993 0.607360 -0.326554 -0.243642
1106.944 -0.685166 0.602316 -0.326574 -0.247209
1107.444 -0.688306 0.597243 -0.326578 -0.250763
1107.944 -0.691413 0.592142 -0.326566 -0.254305
1108.444 -0.694486 0.587011 -0.326539 -0.257835
1108.944 -0.697526 0.581853 -0.326496 -0.261353
1109.444 -0.700532 0.576666 -0.326437 -0.264858
1109.944 -0.703505 0.571452 -0.326362 -0.268350
1110.444 -0.706443 0.566210 -0.326272 -0.271829
1110.944 -0.709347 0.560941 -0.326166 -0.275295
1111.444 -0.712218 0.555645 -0.326044 -0.278748
1111.944 -0.715053 0.550322 -0.325906 -0.282187
1112.444 -0.717855 0.544972 -0.325753 -0.285613
1112.944 -0.720622 0.539596 -0.325584 -0.289025
1113.444 -0.723354 0.534194 -0.325399 -0.292423
1113.944 -0.726051 0.528767 -0.325199 -0.295807
1114.444 -0.728713 0.523314 -0.324983 -0.299177
1114.944 -0.731340 0.517835 -0.324751 -0.302532
1115.444 -0.733931 0.512332 -0.324504 -0.305873
1115.944 -0.736488 0.506804 -0.324240 -0.309199
1116.444 -0.739009 0.501251 -0.323962 -0.312510
1116.944 -0.741494 0.495675 -0.323667 -0.315806
1117.444 -0.743943 0.490074 -0.323357 -0.319086
1117.944 -0.746357 0.484450 -0.323032 -0.322352
1118.444 -0.748734 0.478802 -0.322691 -0.325601
1118.944 -0.751075 0.473132 -0.322334 -0.328835
1119.444 -0.753381 0.467438 -0.321962 -0.332054
1119.944 -0.755650 0.461722 -0.321574 -0.335256
1120.444 -0.757882 0.455984 -0.321171 -0.338442
1120.944 -0.760078 0.450224 -0.320752 -0.341612
1121.444 -0.762237 0.444442 -0.320318 -0.344765
1121.944 -0.764359 0.438638 -0.319868 -0.347901
1122.444 -0.766445 0.432814 -0.319403 -0.351021
1122.944 -0.768494 0.426968 -0.318923 -0.354124
1123.444 -0.770505 0.421102 -0.318427 -0.357210
1123.944 -0.772480 0.415216 -0.317916 -0.360279
1124.444 -0.774417 0.409309 -0.317389 -0.363330
1124.944 -0.776317 0.403383 -0.316847 -0.366364
1125.444 -0.778179 0.397438 -0.316290 -0.369380
1125.944 -0.780004 0.391473 -0.315718 -0.372378
1126.444 -0.781791 0.385489 -0.315130 -0.375358
1126.944 -0.783541 0.379487 -0.314527 -0.378320
1127.444 -0.785252 0.373467 -0.313909 -0.381264
1127.944 -0.786926 0.367428 -0.313276 -0.384190
1128.444 -0.788562 0.361372 -0.312628 -0.387097
1128.944 -0.790160 0.355298 -0.311965 -0.389985
1129.444 -0.791720 0.349207 -0.311286 -0.392855
1129.944 -0.793241 0.343100 -0.310593 -0.395705
1130.444 -0.794725 0.336976 -0.309885 -0.398537
1130.944 -0.796170 0.330835 -0.309161 -0.401349
1131.444 -0.797576 0.324679 -0.308423 -0.404142
1131.944 -0.798945 0.318507 -0.307670 -0.406915
1132.444 -0.800274 0.312319 -0.306902 -0.409669
1132.944 -0.801565 0.306117 -0.306120 -0.412403
1133.444 -0.802818 0.299900 -0.305322 -0.415117
1133.944 -0.804031 0.293668 -0.304510 -0.417811
1134.444 -0.805206 0.287422 -0.303683 -0.420485
1134.944 -0.806342 0.281162 -0.302842 -0.423139
1135.444 -0.807439 0.274889 -0.301985 -0.425772
1135.944 -0.808498 0.268603 -0.301115 -0.428385
1136.444 -0.809517 0.262303 -0.300230 -0.430977
1136.944 -0.810497 0.255991 -0.299330 -0.433549
1137.444 -0.811438 0.249667 -0.298416 -0.436099
1137.944 -0.812340 0.243330 -0.297487 -0.438629
1138.444 -0.813203 0.236982 -0.296544 -0.441137
1138.944 -0.814027 0.230622 -0.295587 -0.443624
1139.444 -0.814811 0.224251 -0.294616 -0.446089
1139.944 -0.815556 0.217870 -0.293630 -0.448533
1140.444 -0.816262 0.211478 -0.292630 -0.450956
1140.944 -0.816928 0.205075 -0.291617 -0.453357
1141.444 -0.817555 0.198663 -0.290589 -0.455735
1141.944 -0.818143 0.192241 -0.289547 -0.458092
1142.444 -0.818691 0.185810 -0.288491 -0.460427
1142.944 -0.819199 0.179370 -0.287421 -0.462739
1143.444 -0.819669 0.172922 -0.286337 -0.465030
1143.944 -0.820098 0.166465 -0.285240 -0.467298
1144.444 -0.820488 0.160000 -0.284128 -0.469543
1144.944 -0.820839 0.153527 -0.283003 -0.471765
1145.444 -0.821149 0.147047 -0.281865 -0.473965
1145.944 -0.821421 0.140559 -0.280713 -0.476142
1146.444 -0.821652 0.134065 -0.279547 -0.478296
1146.944 -0.821844 0.127565 -0.278368 -0.480427
1147.444 -0.821997 0.121058 -0.277175 -0.482535
1147.944 -0.822110 0.114546 -0.275969 -0.484620
1148.444 -0.822183 0.108028 -0.274750 -0.486681
1148.944 -0.822216 0.101505 -0.273517 -0.488719
1149.444 -0.822210 0.094976 -0.272271 -0.490733
1149.944 -0.822164 0.088444 -0.271013 -0.492723
1150.444 -0.822079 0.081907 -0.269741 -0.494690
1150.944 -0.821953 0.075366 -0.268456 -0.496633
1151.444 -0.821789 0.068821 -0.267158 -0.498552
1151.944 -0.821584 0.062274 -0.265847 -0.500447
1152.444 -0.821340 0.055723 -0.264523 -0.502317
1152.944 -0.821057 0.049169 -0.263187 -0.504164
1153.444 -0.820733 0.042613 -0.261838 -0.505986
1153.944 -0.820371 0.036055 -0.260476 -0.507784
1154.444 -0.819968 0.029496 -0.259102 -0.509557
1154.944 -0.819526 0.022934 -0.257715 -0.511306
1155.444 -0.819045 0.016372 -0.256316 -0.513030
1155.944 -0.818524 0.009809 -0.254904 -0.514729
1156.444 -0.817963 0.003246 -0.253481 -0.516404
1156.944 -0.817364 -0.003318 -0.252045 -0.518053
1157.444 -0.816724 -0.009882 -0.250596 -0.519678
1157.944 -0.816046 -0.016445 -0.249136 -0.521278
1158.444 -0.815328 -0.023007 -0.247664 -0.522852
1158.944 -0.814570 -0.029568 -0.246179 -0.524401
1159.444 -0.813774 -0.036128 -0.244683 -0.525925
1159.944 -0.812938 -0.042686 -0.243175 -0.527424
1160.444 -0.812063 -0.049241 -0.241656 -0.528897
1160.944 -0.811148 -0.055795 -0.240124 -0.530344
1161.444 -0.810195 -0.062346 -0.238582 -0.531767
1161.944 -0.809203 -0.068894 -0.237027 -0.533163
1162.444 -0.808171 -0.075438 -0.235461 -0.534534
1162.944 -0.807101 -0.081979 -0.233884 -0.535879
1163.444 -0.805992 -0.088516 -0.232296 -0.537198
1163.944 -0.804843 -0.095049 -0.230696 -0.538491
1164.444 -0.803656 -0.101577 -0.229085 -0.539758
1164.944 -0.802431 -0.108100 -0.227464 -0.540999
1165.444 -0.801166 -0.114618 -0.225831 -0.542214
1165.944 -0.799863 -0.121130 -0.224187 -0.543403
1166.444 -0.798521 -0.127637 -0.222533 -0.544566
1166.944 -0.797141 -0.134137 -0.220867 -0.545702
1167.444 -0.795722 -0.140631 -0.219191 -0.546812
1167.944 -0.794265 -0.147118 -0.217505 -0.547896
1168.444 -0.792770 -0.153598 -0.215808 -0.548954
1168.944 -0.791237 -0.160071 -0.214101 -0.549984
1169.444 -0.789665 -0.166536 -0.212383 -0.550989
1169.944 -0.788055 -0.172993 -0.210655 -0.551967
1170.444 -0.786407 -0.179441 -0.208917 -0.552918
1170.944 -0.784722 -0.185881 -0.207169 -0.553842
1171.444 -0.782998 -0.192312 -0.205411 -0.554740
1171.944 -0.781237 -0.198734 -0.203643 -0.555611
1172.444 -0.779438 -0.205146 -0.201865 -0.556455
1172.944 -0.777601 -0.211548 -0.200077 -0.557273
1173.444 -0.775727 -0.217940 -0.198280 -0.558063
1173.944 -0.773816 -0.224322 -0.196473 -0.558827
1174.444 -0.771867 -0.230692 -0.194657 -0.559564
1174.944 -0.769881 -0.237052 -0.192831 -0.560273
1175.444 -0.767858 -0.243400 -0.190996 -0.560956
1175.944 -0.765797 -0.249736 -0.189152 -0.561612
1176.444 -0.763700 -0.256061 -0.187299 -0.562240
1176.944 -0.761566 -0.262373 -0.185436 -0.562842
1177.444 -0.759396 -0.268672 -0.183565 -0.563416
1177.944 -0.757188 -0.274959 -0.181685 -0.563963
1178.444 -0.754945 -0.281232 -0.179796 -0.564483
1178.944 -0.752664 -0.287491 -0.177899 -0.564976
1179.444 -0.750348 -0.293737 -0.175992 -0.565441
1179.944 -0.747995 -0.299968 -0.174078 -0.565879
1180.444 -0.745606 -0.306185 -0.172155 -0.566290
1180.944 -0.743182 -0.312388 -0.170224 -0.566674
1181.444 -0.740721 -0.318575 -0.168284 -0.567030
1181.944 -0.738225 -0.324747 -0.166336 -0.567359
1182.444 -0.735693 -0.330903 -0.164381 -0.567660
1182.944 -0.733125 -0.337043 -0.162417 -0.567935
1183.444 -0.730523 -0.343167 -0.160446 -0.568181
1183.944 -0.727885 -0.349275 -0.158466 -0.568401
1184.444 -0.725212 -0.355365 -0.156480 -0.568593
1184.944 -0.722504 -0.361439 -0.154485 -0.568757
1185.444 -0.719761 -0.367495 -0.152484 -0.568894
1185.944 -0.716983 -0.373533 -0.150474 -0.569004
1186.444 -0.714171 -0.379553 -0.148458 -0.569086
1186.944 -0.711324 -0.385555 -0.146434 -0.569141
1187.444 -0.708443 -0.391539 -0.144404 -0.569168
1187.944 -0.705528 -0.397503 -0.142366 -0.569168
1188.444 -0.702579 -0.403449 -0.140322 -0.569141
1188.944 -0.699596 -0.409375 -0.138270 -0.569086
1189.444 -0.696580 -0.415281 -0.136213 -0.569003
1189.944 -0.693529 -0.421167 -0.134148 -0.568894
1190.444 -0.690446 -0.427033 -0.132077 -0.568756
1190.944 -0.687329 -0.432878 -0.130000 -0.568591
1191.444 -0.684178 -0.438702 -0.127916 -0.568399
1191.944 -0.680995 -0.444505 -0.125826 -0.568180
1192.444 -0.677779 -0.450287 -0.123731 -0.567933
1192.944 -0.674530 -0.456047 -0.121629 -0.567658
1193.444 -0.671249 -0.461785 -0.119521 -0.567357
1193.944 -0.667935 -0.467501 -0.117408 -0.567028
1194.444 -0.664590 -0.473194 -0.115289 -0.566671
1194.944 -0.661212 -0.478865 -0.113164 -0.566287
1195.444 -0.657802 -0.484512 -0.111034 -0.565876
1195.944 -0.654361 -0.490136 -0.108899 -0.565438
1196.444 -0.650887 -0.495736 -0.106758 -0.564972
1196.944 -0.647383 -0.501313 -0.104612 -0.564480
1197.444 -0.643847 -0.506865 -0.102461 -0.563959
1197.944 -0.640281 -0.512393 -0.100305 -0.563412
1198.444 -0.636683 -0.517896 -0.098145 -0.562838
1198.944 -0.633055 -0.523374 -0.095979 -0.562236
1199.444 -0.629396 -0.528827 -0.093809 -0.561607
1199.944 -0.625707 -0.534254 -0.091635 -0.560952
1200.444 -0.621987 -0.539656 -0.089456 -0.560269
1200.944 -0.618238 -0.545031 -0.087272 -0.559559
1201.444 -0.614459 -0.550380 -0.085085 -0.558822
1201.944 -0.610650 -0.555703 -0.082893 -0.558058
1202.444 -0.606812 -0.560999 -0.080698 -0.557268
1202.944 -0.602944 -0.566268 -0.078498 -0.556450
1203.444 -0.599048 -0.571510 -0.076295 -0.555606
1203.944 -0.595122 -0.576724 -0.074088 -0.554734
1204.444 -0.591168 -0.581910 -0.071877 -0.553836
1204.944 -0.587186 -0.587068 -0.069663 -0.552912
1205.444 -0.583175 -0.592198 -0.067446 -0.551960
1205.944 -0.579135 -0.597299 -0.065225 -0.550982
1206.444 -0.575068 -0.602372 -0.063002 -0.549978
1206.944 -0.570974 -0.607415 -0.060775 -0.548947
1207.444 -0.566851 -0.612429 -0.058545 -0.547889
1207.944 -0.562702 -0.617414 -0.056313 -0.546805
1208.444 -0.558525 -0.622369 -0.054077 -0.545695
1208.944 -0.554321 -0.627293 -0.051839 -0.544558
1209.444 -0.550091 -0.632188 -0.049599 -0.543395
1209.944 -0.545834 -0.637052 -0.047356 -0.542206
1210.444 -0.541550 -0.641885 -0.045111 -0.540991
1210.944 -0.537241 -0.646688 -0.042864 -0.539750
1211.444 -0.532906 -0.651459 -0.040615 -0.538482
1211.944 -0.528545 -0.656199 -0.038363 -0.537189
1212.444 -0.524158 -0.660907 -0.036110 -0.535870
1212.944 -0.519746 -0.665583 -0.033855 -0.534525
1213.444 -0.515309 -0.670227 -0.031599 -0.533154
1213.944 -0.510848 -0.674839 -0.029341 -0.531757
1214.444 -0.506361 -0.679418 -0.027082 -0.530335
1214.944 -0.501851 -0.683965 -0.024821 -0.528887
1215.444 -0.497316 -0.688479 -0.022559 -0.527414
1215.944 -0.492757 -0.692959 -0.020296 -0.525915
1216.444 -0.488174 -0.697406 -0.018032 -0.524391
1216.944 -0.483568 -0.701819 -0.015767 -0.522842
1217.444 -0.478938 -0.706199 -0.013501 -0.521267
1217.944 -0.474285 -0.710544 -0.011235 -0.519668
1218.444 -0.469610 -0.714855 -0.008968 -0.518043
1218.944 -0.464912 -0.719132 -0.006701 -0.516393
1219.444 -0.460191 -0.723374 -0.004434 -0.514718
1219.944 -0.455448 -0.727581 -0.002166 -0.513019
1220.444 -0.450683 -0.731753 0.000102 -0.511295
1220.944 -0.445897 -0.735890 0.002370 -0.509546
1221.444 -0.441089 -0.739991 0.004638 -0.507772
1221.944 -0.436260 -0.744056 0.006905 -0.505974
1222.444 -0.431409 -0.748086 0.009173 -0.504152
1222.944 -0.426538 -0.752080 0.011439 -0.502305
1223.444 -0.421647 -0.756037 0.013706 -0.500434
1223.944 -0.416734 -0.759958 0.015971 -0.498539
1224.444 -0.411802 -0.763842 0.018236 -0.496620
1224.944 -0.406850 -0.767689 0.020500 -0.494677
1225.444 -0.401879 -0.771500 0.022763 -0.492710
1225.944 -0.396888 -0.775273 0.025025 -0.490720
1226.444 -0.391878 -0.779009 0.027285 -0.488705
1226.944 -0.386849 -0.782707 0.029544 -0.486667
1227.444 -0.381801 -0.786367 0.031802 -0.484606
1227.944 -0.376735 -0.789990 0.034059 -0.482521
1228.444 -0.371651 -0.793574 0.036313 -0.480413
1228.944 -0.366548 -0.797120 0.038566 -0.478282
1229.444 -0.361429 -0.800628 0.040817 -0.476128
1229.944 -0.356291 -0.804097 0.043067 -0.473951
1230.444 -0.351137 -0.807528 0.045314 -0.471751
1230.944 -0.345965 -0.810919 0.047558 -0.469528
1231.444 -0.340777 -0.814271 0.049801 -0.467283
1231.944 -0.335573 -0.817584 0.052041 -0.465015
1232.444 -0.330352 -0.820858 0.054279 -0.462724
1232.944 -0.325115 -0.824092 0.056514 -0.460412
1233.444 -0.319863 -0.827286 0.058746 -0.458077
1233.944 -0.314595 -0.830440 0.060976 -0.455720
1234.444 -0.309312 -0.833555 0.063202 -0.453341
1234.944 -0.304015 -0.836629 0.065426 -0.450940
1235.444 -0.298702 -0.839663 0.067646 -0.448517
1235.944 -0.293375 -0.842656 0.069863 -0.446073
1236.444 -0.288034 -0.845609 0.072077 -0.443607
1236.944 -0.282679 -0.848520 0.074287 -0.441120
1237.368 -0.278126 -0.850958 0.076159 -0.438994
1237.868 -0.309779 -0.843705 0.152538 -0.411013
1238.368 -0.318953 -0.839065 0.214392 -0.385064
1255.704 -0.327509 -0.833922 0.233357 -0.377963
1262.130 -0.327484 -0.833881 0.233393 -0.378054
1262.316 -0.327483 -0.833880 0.233394 -0.378057
1263.085 -0.326270 -0.831910 0.235087 -0.382371
1263.585 -0.324929 -0.829724 0.236937 -0.387092
1264.085 -0.323577 -0.827511 0.238780 -0.391800
1264.585 -0.322215 -0.825272 0.240614 -0.396496
1265.085 -0.320843 -0.823006 0.242441 -0.401178
1265.585 -0.319460 -0.820713 0.244260 -0.405848
1266.085 -0.318067 -0.818394 0.246071 -0.410505
1266.585 -0.316664 -0.816048 0.247875 -0.415148
1267.085 -0.315250 -0.813676 0.249670 -0.419778
1267.585 -0.313827 -0.811278 0.251457 -0.424394
1268.085 -0.312393 -0.808853 0.253236 -0.428997
1268.585 -0.310949 -0.806403 0.255007 -0.433586
1269.085 -0.309495 -0.803926 0.256770 -0.438160
1269.585 -0.308031 -0.801424 0.258524 -0.442721
1270.085 -0.306557 -0.798895 0.260270 -0.447267
1270.585 -0.305074 -0.796341 0.262007 -0.451799
1271.085 -0.303580 -0.793762 0.263737 -0.456317
1271.585 -0.302077 -0.791156 0.265457 -0.460819
1272.085 -0.300564 -0.788525 0.267169 -0.465307
1272.585 -0.299041 -0.785869 0.268873 -0.469779
1273.085 -0.297508 -0.783187 0.270567 -0.474237
1273.585 -0.295966 -0.780480 0.272253 -0.478679
1274.085 -0.294415 -0.777748 0.273930 -0.483105
1274.585 -0.292854 -0.774990 0.275599 -0.487516
1275.085 -0.291283 -0.772208 0.277258 -0.491912
1275.585 -0.289703 -0.769401 0.278909 -0.496291
1276.085 -0.288114 -0.766568 0.280550 -0.500654
1276.585 -0.286515 -0.763712 0.282182 -0.505002
1277.085 -0.284907 -0.760830 0.283806 -0.509332
1277.585 -0.283290 -0.757924 0.285420 -0.513647
1278.085 -0.281664 -0.754994 0.287025 -0.517944
1278.585 -0.280029 -0.752039 0.288620 -0.522225
1279.085 -0.278385 -0.749060 0.290207 -0.526490
1279.585 -0.276732 -0.746057 0.291783 -0.530737
1280.085 -0.275069 -0.743029 0.293351 -0.534967
1280.585 -0.273398 -0.739978 0.294909 -0.539179
1281.085 -0.271719 -0.736903 0.296457 -0.543374
1281.585 -0.270030 -0.733804 0.297996 -0.547552
1282.085 -0.268333 -0.730682 0.299525 -0.551712
1282.585 -0.266627 -0.727536 0.301045 -0.555854
1283.085 -0.264912 -0.724366 0.302555 -0.559978
1283.585 -0.263189 -0.721173 0.304055 -0.564084
1283.816 -0.262391 -0.719691 0.304744 -0.565974
1349.831 -0.060110 -0.777354 0.055009 -0.623764
1350.316 0.098617 -0.766220 -0.142153 -0.618849
1350.816 0.121575 -0.775882 -0.149981 -0.600610
1351.316 0.140221 -0.786376 -0.151846 -0.582146
1351.816 0.158755 -0.796239 -0.153590 -0.563215
1352.316 0.177161 -0.805463 -0.155210 -0.543832
1352.816 0.195424 -0.814042 -0.156705 -0.524012
1353.316 0.213531 -0.821967 -0.158075 -0.503773
1353.816 0.231467 -0.829233 -0.159318 -0.483129
1354.316 0.249217 -0.835834 -0.160434 -0.462097
1354.816 0.266768 -0.841764 -0.161420 -0.440695
1355.316 0.284104 -0.847019 -0.162278 -0.418940
1355.816 0.301212 -0.851594 -0.163004 -0.396848
1356.316 0.318079 -0.855486 -0.163601 -0.374438
1356.816 0.276026 -0.873752 -0.028763 -0.399424
1357.316 0.244102 -0.884898 0.057057 -0.392573
1357.816 0.253821 -0.897111 0.053845 -0.357587
1358.316 0.264403 -0.908230 0.048563 -0.320704
1358.816 0.274072 -0.917950 0.045331 -0.283191
1359.316 0.282861 -0.926234 0.044203 -0.245208
1359.816 0.290806 -0.933044 0.045217 -0.206922
1360.316 0.297948 -0.938345 0.048397 -0.168503
1360.816 0.304336 -0.942103 0.053747 -0.130124
1361.316 0.310019 -0.944287 0.061261 -0.091958
1361.816 0.315765 -0.945752 0.057961 -0.049858
1362.316 0.322066 -0.946025 -0.030715 0.019139
1362.736 0.332766 -0.936325 -0.091785 0.064328
1363.236 0.359379 -0.919283 0.160491 -0.002761
1363.736 0.346481 -0.846396 0.392957 -0.095654
1368.251 0.341754 -0.827448 0.431388 -0.111525
1368.316 0.343956 -0.826867 0.429634 -0.115756
1391.064 0.353032 -0.824213 0.422209 -0.133345
1391.316 0.353033 -0.824213 0.422208 -0.133347
1441.359 0.353161 -0.824172 0.422101 -0.133595
1441.565 0.353162 -0.824172 0.422101 -0.133596
1442.065 0.341993 -0.827387 0.431200 -0.111978
1442.565 0.341994 -0.827386 0.431199 -0.111981
1443.565 0.341996 -0.827386 0.431197 -0.111986
1444.565 0.341999 -0.827385 0.431195 -0.111990
1445.565 0.342001 -0.827384 0.431194 -0.111994
1446.565 0.342003 -0.827384 0.431192 -0.111998
1447.565 0.342004 -0.827383 0.431191 -0.112001
1448.565 0.342006 -0.827383 0.431189 -0.112004
1449.565 0.342008 -0.827383 0.431188 -0.112007
1450.565 0.342009 -0.827382 0.431187 -0.112009
1451.565 0.342010 -0.827382 0.431186 -0.112012
1452.565 0.342011 -0.827382 0.431185 -0.112013
1453.565 0.342012 -0.827382 0.431185 -0.112015
1454.565 0.342012 -0.827381 0.431184 -0.112016
1455.565 0.342013 -0.827381 0.431184 -0.112017
1456.565 0.342013 -0.827381 0.431184 -0.112018
1457.565 0.342013 -0.827381 0.431184 -0.112018
1457.865 0.342013 -0.827381 0.431184 -0.112018


